7,609,23,737
42,552,51,738
154,566,163,737
26,575,99,738
26,588,35,737
26,660,35,738
26,737,163,737
154,745,163,738
26,630,99,737
26,637,35,738
26,520,35,738
154,526,163,739
154,538,163,738
26,672,99,739
26,683,35,738
26,755,35,28
154,707,163,27
154,531,99,26
26,491,99,26
26,389,35,25
26,357,35,26
154,260,163,25
154,489,163,25
26,391,99,738
26,410,35,737
26,360,35,738
154,314,163,737
154,455,163,738
26,470,99,737
26,482,35,738
26,498,163,737
154,510,163,738
154,524,99,737
26,535,99,738
26,613,35,737
26,622,163,738
154,572,163,737
154,581,99,738
26,594,99,737
26,666,35,738
26,743,163,738
154,750,163,739
154,635,99,737
26,642,99,738
26,526,35,737
26,532,163,738
154,543,163,738
26,676,99,739
26,656,99,28
26,663,35,27
26,619,163,27
154,509,163,26
154,471,99,26
26,434,99,25
26,404,35,25
26,501,35,24
154,257,163,737
154,272,163,738
26,419,99,737
26,432,35,738
26,386,35,737
26,462,163,738
154,479,163,737
26,490,99,738
26,505,35,737
26,516,35,738
26,531,163,737
154,541,163,738
154,556,99,737
26,565,99,738
26,642,35,737
26,651,163,738
154,728,163,737
154,608,99,738
26,621,99,737
26,757,35,738
26,512,163,738
154,519,163,738
154,658,99,737
26,666,99,738
26,612,35,738
26,618,163,738
154,754,163,27
154,574,99,26
26,531,99,26
26,488,35,26
26,388,35,26
154,289,163,25
154,260,163,25
26,373,99,737
26,394,35,737
26,282,35,737
26,299,163,738
154,313,163,738
26,457,99,737
26,470,35,738
26,485,35,737
26,498,163,737
154,512,163,737
154,524,99,738
26,537,99,737
26,612,35,738
26,626,163,737
154,572,163,737
154,712,99,737
26,594,99,738
26,669,35,737
26,742,35,738
154,754,163,737
154,763,163,738
26,645,99,737
26,653,35,739
26,534,35,738
154,543,163,738
154,552,99,738
26,653,99,28
26,599,35,27
26,615,35,26
154,508,163,26
154,469,163,25
26,434,99,25
26,401,99,25
26,501,35,25
26,257,163,737
154,274,163,738
26,419,99,737
26,435,99,737
26,386,35,738
26,401,163,738
154,478,163,738
154,492,99,738
26,505,99,738
26,519,35,738
26,531,163,738
154,543,163,737
26,555,99,738
26,566,35,738
26,642,35,737
26,717,163,738
154,728,163,737
154,610,99,738
26,620,35,737
26,758,35,738
26,512,163,738
154,521,163,738
154,659,99,738
26,667,99,738
26,611,35,739
26,619,163,738
154,751,163,27
154,572,99,27
26,528,99,26
26,486,35,26
26,385,35,26
154,288,163,25
154,258,163,25
26,376,99,737
26,395,99,737
26,283,35,737
26,364,163,737
154,315,163,738
154,458,99,737
26,473,99,738
26,486,35,737
26,499,35,738
154,512,163,737
154,525,99,738
26,538,99,737
26,614,35,737
26,626,35,737
154,572,163,738
154,711,163,737
26,594,99,737
26,670,35,737
26,743,35,738
154,754,163,737
154,763,99,738
26,645,99,738
26,526,35,738
26,535,35,738
154,544,163,738
154,680,99,738
26,647,99,27
26,658,35,27
26,547,163,26
154,505,163,26
154,466,99,25
26,431,99,26
26,270,35,25
26,497,163,25
154,258,163,738
26,404,99,737
26,420,99,738
26,373,35,737
26,386,163,738
154,465,163,738
154,479,99,738
26,494,99,737
26,506,35,738
26,520,163,738
154,531,163,738
26,544,99,737
26,556,35,738
26,632,35,737
26,706,163,738
154,718,163,737
26,599,99,738
26,738,35,737
26,748,35,738
154,759,163,738
154,512,99,738
26,650,99,737
26,530,35,738
26,539,163,738
154,548,163,738
26,685,99,738
26,619,35,27
26,633,35,26
26,524,163,26
154,484,163,26
26,447,99,25
26,414,35,25
26,511,35,25
26,505,163,737
154,267,163,737
26,412,99,737
26,428,35,738
26,380,35,737
26,459,163,737
154,473,163,737
26,486,99,737
26,499,35,738
26,513,35,738
154,526,163,738
154,538,163,738
26,551,99,737
26,562,35,737
26,638,35,737
154,713,163,737
154,724,163,738
26,606,99,737
26,616,35,738
26,754,163,738
154,763,163,738
154,646,99,738
26,654,99,738
26,536,35,738
26,608,35,738
154,551,163,738
154,645,99,27
26,592,99,27
26,609,35,26
26,503,35,26
154,464,163,26
154,301,99,26
26,397,99,25
26,496,35,25
26,259,35,737
154,276,163,738
154,292,163,738
26,435,99,738
26,452,35,738
26,401,35,738
154,480,163,738
154,493,163,738
26,507,99,738
26,519,35,738
26,532,35,737
154,544,163,738
154,557,163,737
26,568,99,738
26,643,35,738
26,653,163,738
154,729,163,738
154,610,99,738
26,622,99,737
26,758,35,738
26,513,163,738
154,520,163,738
26,659,99,738
26,667,35,738
26,613,35,738
26,555,163,739
154,744,163,27
26,565,99,27
26,523,99,26
26,481,35,26
26,382,163,26
154,284,163,25
154,382,99,25
26,377,99,738
26,269,35,737
26,284,163,738
154,301,163,737
154,443,99,738
26,459,99,738
26,408,35,738
26,487,163,737
154,500,163,738
154,514,99,737
26,525,99,738
26,538,35,738
26,613,163,738
154,563,163,737
154,573,99,738
26,586,99,737
26,658,35,738
26,670,163,738
154,743,163,739
26,627,99,738
26,635,35,738
26,518,35,738
26,525,163,739
154,535,163,738
26,670,99,738
26,681,35,738
26,513,35,28
154,718,163,27
154,541,163,26
26,500,99,26
26,397,35,26
26,364,35,25
154,268,163,25
154,496,99,24
26,387,99,738
26,277,35,737
26,292,163,738
154,309,163,737
26,451,99,738
26,467,35,737
26,415,35,739
154,494,163,738
154,507,99,738
26,521,99,737
26,532,35,738
26,610,163,737
154,555,163,738
26,569,99,737
26,642,35,738
26,655,35,737
154,728,163,738
154,740,99,737
26,620,99,738
26,759,35,738
154,767,163,738
154,523,163,738
26,658,99,738
26,669,35,738
26,610,35,739
154,557,163,738
154,612,99,27
26,565,99,27
26,519,35,26
26,481,35,26
154,315,163,25
154,411,99,25
26,380,99,25
26,507,35,737
26,268,163,738
154,286,163,738
26,428,99,738
26,445,35,737
26,395,35,738
154,474,163,737
154,487,163,738
26,501,99,737
26,512,35,738
26,527,163,738
154,538,163,738
154,552,99,737
26,562,35,738
26,639,35,738
154,711,163,739
154,724,99,738
26,605,99,738
26,745,35,738
26,753,163,738
154,765,163,738
26,644,99,739
26,655,99,738
26,534,35,738
26,609,163,738
154,551,163,739
26,641,99,27
26,586,35,27
26,542,35,27
154,498,163,26
154,463,163,25
26,426,99,25
26,396,99,25
26,493,35,25
26,261,163,737
154,277,163,738
154,423,99,737
26,437,99,738
26,389,35,737
26,401,163,738
154,481,163,737
154,494,99,738
26,508,99,737
26,520,35,738
26,534,163,737
154,544,163,738
154,558,99,737
26,568,99,738
26,645,35,737
26,654,163,738
154,730,163,738
154,610,99,738
26,623,99,738
26,758,35,738
26,515,163,737
154,521,163,738
154,660,99,738
26,666,99,739
26,614,35,738
26,619,163,739
154,742,163,27
154,562,99,27
26,520,99,26
26,414,35,26
26,380,163,26
154,281,163,26
154,509,99,25
26,378,99,738
26,270,35,737
26,285,163,738
154,303,163,737
154,316,99,738
26,461,99,737
26,409,35,738
26,488,35,737
154,500,163,738
154,515,99,737
26,526,99,738
26,541,35,737
26,614,35,738
154,564,163,737
154,573,99,738
26,587,99,738
26,659,35,738
26,736,163,737
154,743,163,738
154,627,99,738
26,635,99,739
26,519,35,737
26,526,163,739
154,537,163,737
154,671,99,739
26,682,35,738
26,765,35,27
26,652,163,27
154,539,163,26
154,499,99,26
26,459,99,26
26,363,35,26
26,265,163,25
154,494,163,25
154,388,99,738
26,407,99,737
26,357,35,738
26,374,163,737
154,452,163,738
154,468,99,737
26,480,99,738
26,496,35,737
26,507,35,738
154,522,163,737
154,533,99,738
26,547,99,737
26,557,35,738
26,634,35,738
154,707,163,738
154,720,99,738
26,601,99,738
26,614,35,737
26,750,35,738
154,761,163,738
154,513,163,738
26,651,99,737
26,531,35,738
26,542,35,737
154,549,163,738
154,559,163,738
26,610,99,27
26,627,35,27
26,518,35,26
154,479,163,26
154,314,163,25
26,410,99,25
26,379,35,25
26,508,35,737
154,270,163,737
154,287,163,737
26,431,99,737
26,446,35,737
26,396,35,738
154,475,163,737
154,489,163,737
26,503,99,737
26,515,35,737
26,528,35,737
154,540,163,738
154,553,163,737
26,564,99,738
26,576,35,737
26,650,35,738
154,725,163,737
154,735,163,738
26,618,99,737
26,756,35,737
26,767,35,737
154,519,163,738
154,528,99,737
26,664,99,738
26,610,35,738
26,618,35,738
154,766,163,27
154,713,163,27
26,539,99,26
26,496,35,26
26,395,35,26
154,297,163,25
154,266,163,26
26,365,99,25
26,390,35,737
26,278,35,737
154,295,163,737
154,311,163,737
26,454,99,737
26,468,35,737
26,482,35,738
154,495,163,738
154,509,99,738
26,522,99,738
26,535,35,738
26,611,35,738
154,558,163,738
154,570,99,738
26,581,99,737
26,656,35,737
26,666,35,737
154,741,163,737
154,622,99,737
26,632,99,738
26,514,35,737
26,524,163,737
154,532,163,738
26,670,99,738
26,677,35,738
26,622,35,28
154,738,163,27
154,562,163,27
26,518,99,26
26,478,35,26
26,377,35,25
154,280,163,25
154,507,99,25
26,381,99,738
26,271,35,737
26,352,35,737
154,303,163,737
154,446,99,737
26,461,99,737
26,411,35,737
26,489,35,737
154,503,163,737
154,515,99,737
26,529,99,737
26,541,35,738
26,617,35,737
154,564,163,738
154,576,99,738
26,586,99,738
26,661,35,738
26,736,163,738
154,746,163,738
154,628,99,738
26,637,99,737
26,518,35,738
154,528,163,738
154,537,163,738
26,674,99,737
26,682,35,738
26,764,35,28
154,712,163,27
154,538,163,27
26,496,99,26
26,459,35,26
26,360,35,26
154,265,163,25
154,492,99,25
26,390,99,738
26,407,35,738
26,359,35,737
154,311,163,738
154,454,163,737
26,468,99,738
26,482,35,737
26,496,35,738
154,509,163,737
154,522,163,738
26,535,99,737
26,546,35,738
26,623,35,737
154,570,163,738
154,710,163,738
26,591,99,738
26,603,35,738
26,740,35,738
154,751,163,738
154,760,99,738
26,642,99,738
26,523,35,738
26,532,35,738
154,540,163,738
154,678,99,738
26,663,99,28
26,736,35,27
26,623,163,27
154,515,163,27
154,475,99,26
26,440,99,26
26,279,35,26
26,506,35,25
154,509,163,737
154,271,99,737
26,415,99,738
26,368,35,737
26,383,35,737
154,462,163,737
154,475,163,737
26,489,99,737
26,502,35,738
26,516,35,737
154,529,163,738
154,541,163,737
26,553,99,738
26,564,35,738
26,639,35,737
26,715,163,737
154,726,163,737
154,608,99,737
26,618,99,737
26,756,35,738
26,766,163,738
154,520,163,738
154,656,99,738
26,665,99,738
26,610,35,738
26,618,35,738
154,762,163,28
154,711,163,27
26,537,99,27
26,495,35,26
26,393,35,26
26,295,163,26
154,264,163,26
26,363,99,25
26,390,99,737
26,279,35,737
26,359,35,738
154,311,163,737
154,454,163,738
26,469,99,737
26,482,99,738
26,496,35,737
26,508,163,738
154,522,163,738
154,534,99,738
26,548,99,737
26,622,35,738
26,635,35,737
154,708,163,738
154,720,163,738
26,602,99,738
26,613,35,737
26,751,35,738
26,762,163,738
154,513,163,738
26,652,99,738
26,659,35,738
26,542,35,737
154,549,163,739
154,535,163,27
26,605,99,27
26,558,35,27
26,514,35,26
154,476,163,26
154,311,163,26
26,407,99,25
26,376,35,25
26,509,35,737
154,271,163,738
154,289,163,737
26,431,99,738
26,447,35,738
26,396,35,738
154,476,163,737
154,489,99,738
26,504,99,738
26,515,35,738
26,529,35,738
154,540,163,738
154,553,99,738
26,563,99,738
26,640,35,738
26,650,35,738
154,726,163,738
154,606,99,739
26,618,99,738
26,755,35,738
26,766,35,737
154,518,163,738
154,656,99,738
26,663,35,738
26,610,35,738
154,553,163,739
154,762,163,27
26,580,99,27
26,536,35,26
26,492,35,26
26,456,163,26
154,293,163,26
26,391,99,25
26,362,35,25
26,263,35,737
154,279,163,738
154,297,163,737
26,439,99,738
26,455,99,737
26,404,35,738
26,483,163,737
154,495,163,738
26,509,99,737
26,521,35,738
26,536,35,737
154,546,163,738
154,559,163,737
26,568,99,738
26,582,35,737
26,655,35,738
154,732,163,738
154,740,163,738
26,623,99,738
26,759,35,739
26,515,35,738
154,522,163,738
154,533,163,738
26,668,99,738
26,614,35,738
26,531,163,28
154,734,163,27
154,556,99,27
26,514,99,27
26,409,35,26
26,375,163,26
154,277,163,26
154,377,99,26
26,381,99,738
26,272,35,737
26,287,35,738
154,304,163,738
154,446,99,738
26,462,99,738
26,411,35,738
26,490,35,737
154,502,163,738
154,516,99,737
26,527,99,738
26,541,35,737
26,616,163,738
154,566,163,737
154,575,99,738
26,587,99,738
26,660,35,739
26,737,163,737
154,745,163,738
154,629,99,737
26,636,99,738
26,519,35,738
154,526,163,739
154,538,163,738
26,673,99,739
26,683,35,737
26,757,35,27
154,708,163,27
154,532,163,26
26,493,99,26
26,455,35,25
26,358,35,26
26,261,163,26
154,490,163,25
26,390,99,738
26,409,35,737
26,359,35,738
26,377,163,737
154,453,163,738
26,470,99,737
26,482,35,739
26,497,35,737
154,509,163,738
154,523,163,737
26,534,99,738
26,548,35,738
26,622,35,738
154,571,163,737
154,708,99,738
26,594,99,737
26,665,35,738
26,742,163,737
154,750,163,738
26,634,99,737
26,641,35,738
26,525,35,738
154,531,163,739
154,542,163,738
26,676,99,739
26,660,35,28
26,667,35,27
26,621,163,26
154,511,163,26
26,473,99,26
26,437,35,26
26,278,35,26
26,502,163,25
154,511,163,737
26,399,99,738
26,417,99,737
26,367,35,738
26,385,163,737
154,461,163,738
154,477,99,737
26,488,99,738
26,504,35,738
26,515,163,738
154,530,163,737
154,540,99,738
26,554,99,737
26,627,35,738
26,641,163,737
154,714,163,738
26,599,99,737
26,607,99,738
26,748,35,737
26,754,163,739
154,767,163,737
26,646,99,738
26,658,99,737
26,536,35,738
26,611,163,737
154,552,163,739
154,631,99,27
26,578,99,27
26,535,35,26
26,491,35,26
154,455,163,26
154,291,99,26
26,390,99,25
26,488,35,25
26,264,35,737
154,280,163,738
154,297,163,737
26,439,99,739
26,392,35,737
26,405,35,738
154,485,163,737
154,496,163,738
26,511,99,737
26,521,35,739
26,537,163,737
154,547,163,739
154,561,99,737
26,570,99,738
26,647,35,737
26,655,163,739
154,732,163,737
154,612,99,738
26,625,99,737
26,760,35,738
26,516,163,737
154,523,163,738
154,662,99,737
26,669,99,738
26,616,35,738
26,529,163,28
154,732,163,27
26,554,99,26
26,513,35,26
26,408,35,26
26,310,163,26
154,276,163,25
26,375,99,25
26,382,35,738
26,273,35,737
26,289,163,737
154,306,163,737
154,448,99,737
26,463,35,737
26,412,35,738
26,491,163,737
154,504,163,737
154,518,99,738
26,530,99,737
26,542,35,738
26,553,163,738
154,566,163,737
26,577,99,737
26,589,35,737
26,663,35,737
26,737,163,737
154,746,163,738
26,630,99,737
26,639,35,737
26,521,35,737
154,529,163,738
154,538,99,738
26,674,99,738
26,620,35,738
26,757,35,27
154,707,163,27
154,532,163,26
26,491,99,26
26,390,35,26
26,357,35,26
154,261,163,25
154,489,163,25
26,392,99,737
26,409,35,737
26,361,35,737
154,313,163,737
154,456,163,737
26,471,99,737
26,484,35,737
26,497,35,738
154,511,163,738
154,524,163,738
26,537,99,737
26,548,35,738
26,624,35,738
154,571,163,738
154,711,163,738
26,593,99,738
26,604,35,738
26,742,35,738
154,752,163,737
154,761,99,738
26,643,99,738
26,524,35,738
26,534,35,737
154,542,163,738
154,678,99,738
26,656,99,28
26,666,35,27
26,619,163,26
154,511,163,26
154,472,99,26
26,436,99,26
26,275,35,26
26,503,35,25
154,256,163,737
154,273,163,737
26,417,99,737
26,369,35,737
26,384,163,737
154,463,163,737
154,477,99,737
26,491,99,737
26,504,35,737
26,517,163,737
154,530,163,738
154,543,99,737
26,555,99,737
26,631,35,737
26,641,163,738
154,716,163,738
26,599,99,738
26,610,35,738
26,748,35,738
26,758,163,738
154,767,163,738
26,648,99,738
26,656,35,738
26,538,35,738
26,547,163,738
154,555,163,738
26,627,99,28
26,576,35,27
26,531,35,26
26,491,163,26
154,453,163,26
154,419,99,26
26,388,99,25
26,488,35,737
26,265,163,737
154,282,163,737
154,298,99,737
26,442,99,737
26,456,35,738
26,406,35,737
154,484,163,737
154,498,163,737
26,511,99,738
26,524,35,737
26,536,35,738
154,548,163,737
154,560,99,737
26,572,99,737
26,582,35,738
26,658,35,738
154,731,163,738
154,743,99,738
26,624,99,738
26,763,35,738
26,515,163,738
154,526,163,738
154,661,99,738
26,670,99,738
26,614,35,739
26,527,163,28
154,728,163,27
154,553,99,27
26,509,35,26
26,406,35,26
26,307,163,26
154,275,163,26
154,373,99,25
26,384,99,737
26,273,35,738
26,354,163,737
154,306,163,737
154,449,99,737
26,463,99,737
26,414,35,737
26,491,163,738
154,504,163,738
26,518,99,738
26,531,99,737
26,543,35,737
26,618,163,737
154,565,163,738
26,577,99,738
26,588,35,738
26,663,35,738
154,737,163,737
154,748,163,737
26,629,99,738
26,767,35,738
26,521,35,738
154,530,163,738
154,539,99,738
26,675,99,738
26,618,35,739
26,754,163,28
154,704,163,27
154,531,99,26
26,489,99,26
26,388,35,25
26,290,163,26
154,259,163,25
26,374,99,737
26,393,99,737
26,282,35,737
26,362,163,737
154,313,163,738
26,456,99,737
26,470,35,738
26,485,35,737
26,498,163,738
154,511,163,738
26,523,99,738
26,537,35,738
26,612,35,738
26,625,163,737
154,571,163,738
26,583,99,738
26,592,35,738
26,669,35,738
154,742,163,738
154,753,163,737
26,634,99,738
26,644,35,738
26,524,35,738
154,534,163,738
154,542,163,738
26,680,99,738
26,652,35,27
26,663,35,27
154,550,163,27
154,508,163,26
26,469,99,26
26,434,99,26
26,273,35,25
26,500,163,25
154,256,163,738
26,402,99,737
26,418,99,738
26,371,35,737
26,385,163,738
154,464,163,738
154,477,99,738
26,493,99,737
26,504,35,738
26,519,35,737
154,530,163,738
154,543,99,738
26,554,99,738
26,631,35,737
26,641,163,738
154,718,163,737
154,599,99,738
26,610,99,738
26,746,35,738
26,758,163,738
154,767,163,738
154,649,99,738
26,657,99,738
26,539,35,738
26,609,163,739
154,556,163,738
154,622,99,27
26,573,99,27
26,527,35,26
26,487,35,26
154,449,163,26
154,289,163,25
26,385,99,25
26,376,35,737
26,265,35,738
154,283,163,737
154,298,163,738
26,443,99,737
26,456,35,738
26,408,35,738
26,484,163,738
154,499,163,738
26,511,99,738
26,525,99,737
26,536,35,738
26,614,163,737
154,560,163,739
26,572,99,737
26,582,35,738
26,659,35,737
154,732,163,738
154,744,163,738
26,623,99,738
26,635,35,738
26,515,35,738
154,526,163,738
154,533,163,739
26,672,99,738
26,613,35,739
26,522,35,28
154,723,163,27
154,549,163,27
26,505,99,26
26,468,35,26
26,367,35,25
154,272,163,26
154,498,99,25
26,386,99,737
26,274,35,738
26,356,35,737
154,306,163,738
154,450,99,737
26,464,99,738
26,479,35,738
26,491,35,738
154,506,163,737
154,517,99,739
26,531,99,738
26,542,35,738
26,620,163,738
154,566,163,738
154,707,99,737
26,587,99,738
26,663,35,737
26,737,163,738
154,749,163,737
154,629,99,738
26,640,99,738
26,519,35,738
26,530,163,738
154,537,163,738
154,676,99,738
26,682,99,739
26,750,35,27
26,569,163,27
154,526,163,26
26,484,99,26
26,449,99,26
26,286,35,26
26,257,35,25
154,503,163,738
154,267,163,737
26,411,99,738
26,428,35,737
26,378,35,738
26,458,163,737
154,470,163,738
26,486,99,737
26,498,35,738
26,513,35,737
26,524,163,738
154,538,163,738
26,548,99,739
26,562,35,738
26,636,35,738
26,649,163,737
154,721,163,738
154,605,99,738
26,613,35,739
26,754,35,738
26,762,163,738
154,518,163,737
154,652,99,738
26,663,99,738
26,541,35,739
26,616,163,738
154,518,163,27
154,724,99,27
26,546,99,26
26,505,35,26
26,400,35,26
154,304,163,25
154,270,163,25
26,371,99,25
26,385,35,738
26,276,35,738
154,291,163,739
154,308,163,737
26,450,99,738
26,466,99,737
26,414,35,738
26,493,163,737
154,505,163,738
154,520,99,737
26,531,99,738
26,609,35,737
26,618,35,738
154,568,163,737
154,577,99,739
26,591,99,737
26,663,35,738
26,740,35,737
154,747,163,738
154,759,99,738
26,638,99,739
26,523,35,738
26,529,35,738
154,540,163,738
154,546,99,739
26,684,99,738
26,744,35,27
26,634,163,27
154,523,163,26
154,484,99,26
26,446,99,26
26,414,35,25
26,510,35,25
154,505,163,737
154,267,163,738
26,413,99,737
26,427,35,738
26,380,35,737
154,457,163,738
154,474,163,737
26,485,99,738
26,501,99,737
26,511,35,738
26,527,163,737
154,537,163,738
26,551,99,737
26,561,99,738
26,638,35,737
26,711,163,738
154,724,163,737
26,604,99,738
26,617,35,737
26,753,35,738
26,765,163,737
154,515,163,739
26,655,99,738
26,661,35,739
26,609,35,738
26,615,163,739
154,519,163,27
154,590,99,27
26,546,99,27
26,501,35,26
26,401,35,26
154,300,163,25
154,270,163,25
26,367,99,25
26,387,35,737
26,275,35,738
26,358,163,737
154,308,163,737
154,452,99,737
26,465,99,738
26,480,35,737
26,493,163,738
154,508,163,737
154,519,163,738
26,534,99,737
26,544,35,738
26,621,35,737
154,568,163,738
154,708,163,737
26,590,99,738
26,602,35,737
26,738,35,738
26,750,163,738
154,759,163,737
154,642,99,737
26,650,99,738
26,532,35,738
26,539,163,738
154,548,163,738
26,685,99,738
26,618,99,27
26,632,35,27
26,524,163,27
154,482,163,26
154,446,99,26
26,413,99,26
26,383,35,25
26,506,35,737
26,269,163,737
154,285,163,737
26,429,99,737
26,444,99,737
26,396,35,737
26,409,163,738
154,487,163,737
154,500,99,738
26,514,35,737
26,527,35,737
26,539,163,737
154,551,163,738
154,563,99,738
26,573,99,737
26,649,35,737
26,660,163,737
154,735,163,737
154,617,99,737
26,626,99,738
26,764,35,738
26,517,163,738
154,527,163,738
154,664,99,737
26,673,99,738
26,616,35,738
26,514,163,28
154,718,163,27
26,544,99,27
26,501,99,26
26,399,35,26
26,364,35,26
154,268,163,25
154,495,99,25
26,388,99,737
26,405,35,737
26,358,35,738
26,309,163,738
154,452,163,738
26,467,99,737
26,481,99,737
26,494,35,737
26,508,163,737
154,520,163,738
154,533,99,737
26,545,99,737
26,622,35,737
26,633,35,737
154,708,163,737
154,719,99,738
26,601,99,738
26,740,35,738
26,751,35,737
154,760,163,737
154,514,163,738
26,650,99,738
26,531,35,738
26,540,35,738
154,549,163,738
154,557,163,738
26,615,99,27
26,565,35,27
26,521,35,26
154,481,163,26
154,317,163,26
26,411,99,25
26,381,99,26
26,506,35,737
26,269,163,737
154,286,163,737
26,430,99,737
26,445,99,737
26,396,35,737
26,410,163,738
154,487,163,738
154,501,99,737
26,515,99,737
26,527,35,737
26,540,35,737
154,551,163,738
154,563,99,738
26,574,99,738
26,650,35,737
26,660,35,738
154,735,163,737
154,744,99,738
26,627,99,738
26,764,35,738
26,519,35,738
154,526,163,738
154,536,99,738
26,671,99,739
26,617,35,738
26,512,35,27
154,717,163,27
154,541,163,26
26,499,99,26
26,461,35,25
26,363,35,25
154,267,163,25
154,494,163,25
26,388,99,737
26,405,35,737
26,357,35,738
154,310,163,737
154,452,163,737
26,468,99,737
26,481,35,737
26,495,35,737
26,507,163,738
154,521,163,738
154,533,99,738
26,546,99,737
26,622,35,737
26,633,163,738
154,708,163,738
154,591,99,737
26,602,99,738
26,740,35,737
26,750,35,737
154,760,163,737
154,513,99,738
26,652,99,738
26,660,35,738
26,541,35,738
154,549,163,738
154,557,163,739
26,612,99,27
26,564,35,27
26,520,35,26
26,480,163,26
154,316,163,26
26,410,99,25
26,380,35,25
26,507,35,737
26,270,163,738
154,286,163,737
154,430,99,738
26,445,99,737
26,396,35,738
26,411,163,737
154,488,163,738
154,502,99,737
26,514,99,738
26,527,35,737
26,539,163,738
154,552,163,737
154,563,99,738
26,575,99,737
26,649,35,738
26,660,35,738
154,734,163,738
154,746,99,738
26,627,99,738
26,766,35,738
26,517,35,738
154,527,163,738
154,663,99,739
26,674,99,738
26,616,35,739
26,767,35,27
154,713,163,27
154,540,99,26
26,497,99,26
26,397,35,26
26,361,35,26
154,267,163,25
154,493,99,25
26,389,99,737
26,278,35,738
26,359,35,737
154,309,163,738
154,453,163,737
26,466,99,738
26,481,35,738
26,494,35,738
26,509,163,737
154,520,163,738
154,534,99,737
26,544,99,738
26,622,35,738
26,632,163,738
154,709,163,738
154,590,99,738
26,602,99,738
26,738,35,738
26,750,163,738
154,758,163,738
154,514,99,738
26,650,99,738
26,660,35,738
26,539,163,738
154,549,163,738
154,556,99,739
26,611,99,27
26,561,35,26
26,518,35,26
154,476,163,26
154,314,163,26
26,408,99,25
26,379,99,25
26,507,35,738
26,270,35,737
154,286,163,738
154,303,99,737
26,445,99,738
26,461,35,738
26,410,35,738
154,489,163,737
154,500,99,738
26,515,99,737
26,527,35,738
26,541,35,737
154,551,163,738
154,564,163,737
26,573,99,739
26,651,35,737
26,659,35,738
154,736,163,737
154,744,163,738
26,628,99,738
26,635,35,739
26,519,35,738
154,526,163,738
154,537,163,738
26,671,99,739
26,681,99,738
26,762,35,28
26,649,163,27
154,537,163,26
154,497,99,26
26,458,99,26
26,360,35,26
26,264,163,25
154,492,163,25
154,261,99,738
26,407,99,738
26,422,35,738
26,375,35,738
154,452,163,738
154,468,163,737
26,481,99,738
26,496,99,738
26,507,35,738
26,522,163,738
154,532,163,738
154,547,99,737
26,557,99,738
26,634,35,738
26,643,35,738
154,720,163,738
154,600,99,738
26,613,99,737
26,750,35,738
26,762,35,737
154,512,163,738
154,524,99,738
26,658,99,739
26,670,35,738
26,612,35,738
154,538,163,27
154,735,163,27
26,560,99,27
26,514,35,26
26,413,35,26
26,311,163,26
154,280,163,25
154,377,99,25
26,381,99,737
26,270,35,738
26,352,163,737
154,302,163,738
154,319,99,737
26,460,99,738
26,412,35,737
26,487,35,738
154,503,163,737
154,514,163,738
26,529,99,738
26,539,35,738
26,617,35,737
154,563,163,738
154,705,163,737
26,585,99,738
26,598,35,738
26,670,35,738
154,746,163,737
154,754,163,738
26,639,99,737
26,645,35,738
26,529,35,737
154,534,163,739
154,546,163,738
26,680,99,739
26,636,35,27
26,646,35,27
26,538,163,26
154,493,163,26
154,458,99,26
26,422,99,26
26,265,35,25
26,491,35,25
154,263,163,737
154,278,99,738
26,424,99,737
26,374,35,738
26,391,35,737
154,468,163,738
154,483,163,737
26,495,99,738
26,510,35,737
26,521,35,738
26,536,163,737
154,546,163,738
154,560,99,737
26,568,99,738
26,646,35,738
26,719,163,738
154,732,163,737
26,611,99,738
26,624,99,737
26,759,35,739
26,515,163,737
154,522,163,739
26,662,99,737
26,668,35,739
26,615,35,738
154,532,163,27
154,735,99,27
26,557,99,26
26,516,35,26
26,410,35,26
154,312,163,26
154,277,99,25
26,377,99,25
26,509,35,738
26,272,35,737
154,287,163,738
154,304,163,737
26,446,99,738
26,398,35,737
26,411,35,738
154,491,163,737
154,502,99,738
26,517,99,737
26,528,35,738
26,542,163,737
154,552,163,738
154,566,99,737
26,576,99,738
26,652,35,737
26,661,163,738
154,737,163,738
154,618,99,738
26,629,99,737
26,766,35,738
26,520,35,738
154,527,163,738
154,538,99,738
26,673,99,738
26,684,35,738
26,759,35,27
26,709,163,27
154,534,163,27
26,494,99,26
26,456,99,25
26,358,35,25
26,263,35,25
154,490,163,25
154,263,163,737
26,409,99,737
26,425,35,737
26,376,35,737
26,391,163,737
154,469,163,737
154,483,99,738
26,497,99,737
26,510,35,737
26,524,163,737
154,536,163,738
154,548,99,738
26,559,99,738
26,636,35,738
26,646,163,738
154,722,163,738
154,731,99,738
26,614,99,738
26,751,35,738
26,762,163,737
154,515,163,738
154,525,163,737
26,661,99,738
26,670,35,738
26,614,35,738
154,532,163,28
154,733,163,27
26,557,99,26
26,513,35,26
26,409,35,26
154,310,163,25
154,277,163,25
26,376,99,25
26,383,35,737
26,272,35,737
26,352,163,737
154,305,163,737
154,448,99,737
26,463,99,738
26,413,35,738
26,491,35,738
154,503,163,738
154,517,163,738
26,529,99,737
26,542,99,737
26,618,35,737
26,629,163,737
154,704,163,738
154,588,99,737
26,598,99,737
26,737,35,737
26,747,35,737
154,757,163,738
154,766,99,738
26,648,99,738
26,657,35,738
26,538,35,738
26,546,163,738
154,555,163,738
26,629,99,28
26,578,99,27
26,533,35,27
26,492,35,26
154,455,163,26
154,292,163,26
26,389,99,26
26,361,35,25
26,264,35,737
26,282,163,737
154,297,163,737
154,441,99,737
26,455,99,738
26,407,35,738
26,484,163,738
154,498,163,737
154,511,99,737
26,523,99,738
26,535,35,738
26,612,35,737
154,560,163,737
154,572,163,737
26,582,99,738
26,593,35,738
26,667,35,738
154,743,163,738
154,752,163,738
26,635,99,738
26,643,35,738
26,524,35,738
154,533,163,738
154,543,163,738
26,679,99,738
26,657,99,28
26,666,35,27
26,618,163,27
154,510,163,26
154,472,99,26
26,436,99,26
26,404,35,25
26,502,35,25
26,511,163,737
154,273,163,738
154,418,99,737
26,433,99,738
26,385,35,737
26,399,35,738
154,477,163,738
154,490,99,738
26,505,99,737
26,517,35,737
26,530,35,737
26,542,163,737
154,554,163,737
26,565,99,738
26,577,99,737
26,652,35,737
26,663,163,737
154,736,163,738
26,619,99,738
26,629,99,738
26,512,35,738
26,520,163,738
154,530,163,738
154,666,99,738
26,674,99,738
26,619,35,738
26,756,35,27
154,704,163,27
154,531,163,26
26,490,99,26
26,453,35,26
26,355,35,25
26,260,163,25
154,488,163,737
154,265,163,737
26,409,99,737
26,426,35,738
26,377,35,738
26,456,163,737
154,471,163,737
154,484,99,737
26,498,99,738
26,511,35,737
26,524,163,738
154,537,163,737
154,549,99,738
26,560,99,737
26,571,35,738
26,646,35,738
154,721,163,738
154,732,163,737
26,614,99,738
26,625,35,737
26,761,35,738
154,515,163,738
154,524,163,738
26,662,99,738
26,670,35,739
26,615,35,738
154,525,163,28
154,728,163,27
26,552,99,26
26,509,99,26
26,406,35,26
26,371,163,26
154,274,163,26
154,373,99,25
26,384,99,738
26,402,35,737
26,354,35,738
26,306,163,737
154,448,163,738
26,464,99,737
26,477,35,738
26,492,35,737
26,504,163,738
154,518,163,737
154,529,99,738
26,543,99,737
26,618,35,738
26,631,163,737
154,705,163,738
154,717,99,738
26,598,99,738
26,738,35,738
26,747,35,738
154,758,163,738
154,766,163,738
26,649,99,738
26,528,35,738
26,539,35,738
154,546,163,738
154,556,163,738
26,624,99,27
26,575,99,27
26,528,35,26
26,488,163,26
154,451,163,25
154,290,99,25
26,386,99,25
26,374,35,737
26,264,35,738
154,282,163,737
154,298,163,738
26,442,99,737
26,456,35,738
26,407,35,737
154,483,163,738
154,498,163,737
26,510,99,738
26,525,99,737
26,536,35,738
26,613,163,738
154,559,163,738
154,573,99,737
26,582,99,738
26,658,35,738
26,667,163,738
154,743,163,738
154,623,99,738
26,635,99,738
26,515,35,738
26,526,35,738
154,532,163,738
154,542,163,738
26,677,99,739
26,653,35,28
26,661,35,27
154,552,163,27
154,507,163,26
26,469,99,26
26,432,35,25
26,274,35,25
26,500,163,25
154,257,163,737
154,401,99,738
26,419,99,737
26,369,35,738
26,386,35,737
154,463,163,738
154,479,163,737
26,491,99,738
26,505,35,738
26,516,35,738
154,531,163,737
154,542,163,738
26,556,99,738
26,565,35,738
26,642,35,738
154,715,163,739
154,728,163,738
26,608,99,738
26,621,99,738
26,756,35,738
26,767,163,738
154,519,163,739
154,658,99,738
26,665,99,739
26,611,35,738
26,617,163,739
154,751,163,28
154,571,99,26
26,529,99,27
26,486,35,26
26,387,35,26
26,287,163,26
154,258,163,25
154,374,99,738
26,395,99,737
26,410,35,738
26,364,35,737
26,313,163,738
154,457,163,737
26,470,99,738
26,486,99,737
26,497,35,738
26,512,35,737
154,524,163,738
154,537,163,737
26,548,99,738
26,562,35,737
26,635,35,738
26,713,163,737
154,720,163,738
26,605,99,737
26,613,35,738
26,754,35,738
26,761,163,738
154,517,163,738
26,651,99,739
26,662,35,738
26,541,35,739
26,616,163,738
154,520,163,28
154,597,99,27
26,547,99,27
26,506,35,26
26,402,35,26
154,305,163,26
154,271,163,25
26,372,99,25
26,384,35,738
26,275,35,737
26,290,163,738
154,308,163,737
154,449,99,738
26,465,99,737
26,413,35,738
26,493,163,737
154,504,163,738
154,519,99,737
26,530,99,738
26,544,35,737
26,618,35,738
154,567,163,737
154,705,163,738
26,590,99,737
26,598,35,738
26,739,35,738
154,746,163,739
154,759,163,738
26,639,99,738
26,650,35,738
26,528,35,738
26,540,163,738
154,545,163,739
26,685,99,737
26,620,35,27
26,637,35,27
26,525,163,26
154,486,163,26
154,447,99,26
26,416,99,25
26,256,35,25
26,505,35,737
154,266,163,738
154,284,163,737
26,426,99,738
26,443,35,737
26,393,35,738
26,409,163,738
154,485,163,738
154,500,99,737
26,511,99,738
26,526,35,737
26,537,35,738
154,551,163,737
154,560,163,738
26,574,99,737
26,582,35,738
26,660,35,737
154,732,163,739
154,745,163,737
26,624,99,738
26,636,35,737
26,514,35,739
154,527,163,737
154,533,163,738
26,673,99,737
26,678,35,739
26,520,35,28
154,720,163,27
154,548,163,27
26,503,99,26
26,467,35,26
26,366,35,25
26,271,163,25
154,496,163,25
26,387,99,737
26,403,99,738
26,357,35,737
26,371,163,738
154,451,163,737
26,464,99,738
26,480,35,737
26,492,35,738
26,507,163,737
154,518,163,738
154,533,99,737
26,543,99,738
26,621,35,737
26,631,35,738
154,708,163,737
154,717,99,738
26,601,99,737
26,738,35,738
26,750,163,737
154,758,163,738
154,514,99,737
26,648,99,738
26,531,35,737
26,539,35,738
154,549,163,737
154,556,163,738
26,620,99,27
26,569,35,27
26,525,35,26
154,483,163,26
154,448,163,26
26,414,99,25
26,384,99,25
26,505,35,738
26,268,163,737
154,285,163,737
154,301,99,737
26,444,99,737
26,459,35,736
26,409,35,737
154,487,163,738
154,500,99,737
26,514,99,737
26,527,35,738
26,539,35,737
154,550,163,738
154,563,163,738
26,574,99,738
26,585,35,737
26,659,35,738
26,734,163,738
154,744,163,738
26,626,99,738
26,635,35,738
26,518,35,737
26,526,163,737
154,536,163,738
26,672,99,738
26,680,35,738
26,517,35,27
26,721,163,27
154,546,163,26
154,503,99,26
26,464,99,25
26,365,35,25
26,270,163,25
154,497,163,25
154,259,99,737
26,404,99,737
26,356,35,737
26,372,163,737
154,452,163,737
154,466,163,737
26,481,99,737
26,494,35,737
26,507,35,738
154,520,163,738
154,533,163,738
26,545,99,738
26,558,99,738
26,632,35,738
26,707,163,738
154,718,163,738
26,601,99,737
26,611,35,738
26,750,35,738
26,759,163,737
154,512,163,737
26,650,99,738
26,660,35,738
26,540,35,738
26,613,163,738
154,557,163,738
26,616,99,27
26,567,35,26
26,523,35,26
26,482,163,26
154,318,163,26
154,412,99,25
26,382,99,25
26,506,35,737
26,269,163,737
154,285,163,737
154,302,99,737
26,444,99,737
26,395,35,737
26,410,35,737
154,488,163,737
154,501,163,738
26,515,99,737
26,526,35,737
26,539,35,738
154,551,163,738
154,563,163,738
26,574,99,738
26,585,99,737
26,659,35,738
154,734,163,737
154,744,163,738
26,627,99,737
26,636,35,738
26,518,35,738
154,526,163,738
154,536,163,738
26,672,99,738
26,681,35,738
26,513,35,27
154,717,163,27
154,541,163,26
26,500,99,26
26,462,35,26
26,364,35,25
26,267,163,25
154,495,163,25
154,388,99,737
26,405,99,737
26,358,35,737
26,374,163,737
154,452,163,737
154,467,99,737
26,480,99,738
26,495,35,737
26,508,163,738
154,521,163,737
154,533,99,737
26,546,99,737
26,621,35,738
154,568,163,738
154,708,163,737
26,591,99,737
26,601,35,737
26,740,35,738
154,749,163,738
154,759,163,737
26,641,99,737
26,651,35,738
26,532,35,738
154,540,163,738
154,548,99,738
26,685,99,739
26,742,35,27
26,629,35,27
154,520,163,26
154,480,163,26
26,443,99,26
26,283,35,25
26,509,35,25
154,507,163,737
154,270,163,737
26,414,99,737
26,366,35,738
26,381,35,738
154,460,163,737
154,474,163,737
26,488,99,738
26,501,35,737
26,514,35,738
154,527,163,737
154,540,163,738
26,552,99,737
26,563,99,737
26,639,35,738
26,713,163,738
154,725,163,737
26,607,99,738
26,618,99,737
26,755,35,738
26,765,163,738
154,517,163,738
26,655,99,738
26,664,35,738
26,609,35,738
26,616,163,738
154,767,163,27
154,586,99,27
26,541,99,26
26,498,35,26
26,397,35,26
154,298,163,25
154,266,163,25
26,365,99,25
26,389,35,737
26,278,35,738
26,295,163,737
154,310,163,738
26,453,99,737
26,467,35,738
26,482,35,737
26,495,163,738
154,509,163,737
154,521,99,738
26,534,99,738
26,609,35,738
26,623,163,737
154,568,163,738
154,581,99,738
26,591,99,738
26,666,35,738
26,738,163,738
154,751,163,738
154,631,99,738
26,642,99,738
26,521,35,738
26,532,35,738
154,539,163,739
154,550,163,738
26,684,99,739
26,611,99,27
26,624,35,27
26,518,163,26
154,477,163,26
154,314,163,26
26,408,99,25
26,379,99,25
26,508,35,738
26,270,35,737
154,286,163,738
154,303,163,737
26,446,99,738
26,461,99,737
26,410,35,738
26,489,163,738
154,501,163,738
154,515,99,737
26,527,99,738
26,541,35,737
26,615,163,738
154,564,163,737
154,574,99,738
26,587,99,737
26,660,35,738
26,736,35,737
154,744,163,738
154,756,99,738
26,636,99,738
26,648,35,737
26,527,35,738
154,537,163,738
154,543,163,739
26,681,99,738
26,762,35,28
26,649,35,27
154,536,163,26
154,496,163,26
26,457,99,26
26,424,99,26
26,264,35,25
26,492,35,25
154,262,163,738
154,280,163,737
26,422,99,738
26,439,35,738
26,389,35,738
26,469,163,737
154,481,163,738
154,496,99,737
26,507,99,738
26,522,35,737
26,533,163,738
154,547,163,737
154,558,99,738
26,570,99,737
26,643,35,738
26,656,163,737
154,729,163,738
154,742,99,737
26,621,99,738
26,761,35,738
26,512,163,739
154,524,163,738
154,659,99,739
26,670,99,738
26,612,35,739
26,534,35,27
154,732,163,27
154,558,99,26
26,513,99,26
26,411,35,26
26,374,35,25
154,278,163,25
154,503,163,25
26,382,99,737
26,399,35,738
26,353,35,737
26,367,163,738
154,448,163,737
154,461,99,738
26,477,99,737
26,489,35,738
26,504,163,737
154,515,163,738
154,529,99,737
26,540,99,739
26,618,35,738
26,628,163,738
154,705,163,737
154,586,99,738
26,598,99,737
26,670,35,738
26,747,163,738
154,755,163,738
154,767,99,737
26,646,99,738
26,657,35,737
26,535,35,738
154,547,163,738
154,553,163,739
26,632,99,27
26,578,99,27
26,535,35,26
26,491,163,26
154,456,163,26
154,292,99,25
26,391,99,25
26,361,35,25
26,264,35,737
154,280,163,738
154,298,163,737
26,440,99,739
26,456,99,737
26,405,35,738
26,484,163,737
154,495,163,738
154,511,99,737
26,522,99,738
26,537,35,737
26,611,35,738
154,560,163,737
154,569,163,738
26,583,99,737
26,592,35,739
26,669,35,737
26,740,163,738
154,752,163,737
26,631,99,738
26,644,99,737
26,523,35,738
26,535,163,737
154,540,163,739
154,679,99,738
26,655,99,27
26,668,35,27
26,617,35,26
154,512,163,26
154,471,163,26
26,437,99,26
26,403,35,25
26,503,35,25
26,511,163,738
154,274,163,737
154,288,99,738
26,434,99,737
26,383,35,738
26,400,35,737
154,476,163,738
154,492,163,737
26,503,99,738
26,518,35,737
26,528,35,738
26,543,163,737
154,553,163,738
154,567,99,737
26,575,99,738
26,653,35,737
154,725,163,738
154,739,163,737
26,618,99,738
26,631,35,737
26,766,35,738
26,521,163,738
154,528,163,738
154,667,99,738
26,674,99,738
26,620,35,738
26,753,163,27
154,704,163,27
154,530,99,26
26,490,99,26
26,388,35,25
26,355,35,26
154,259,163,25
154,502,99,737
26,393,99,737
26,411,35,737
26,362,35,738
154,315,163,737
154,456,163,738
26,471,99,737
26,485,35,737
26,499,35,737
154,512,163,737
154,525,163,737
26,536,99,738
26,549,35,737
26,625,35,737
26,573,163,737
154,712,163,737
26,595,99,737
26,604,35,737
26,743,35,738
154,753,163,738
154,764,163,737
26,644,99,738
26,654,35,738
26,533,35,738
26,543,163,738
154,552,163,738
154,653,99,27
26,599,99,27
26,615,35,27
26,507,163,26
154,469,163,26
154,306,99,25
26,402,99,25
26,372,35,25
26,258,35,737
154,274,163,737
154,291,163,738
26,435,99,737
26,450,99,737
26,401,35,737
26,415,163,738
154,492,163,738
154,505,99,738
26,519,99,737
26,531,35,737
26,608,35,737
154,555,163,738
154,566,99,737
26,578,99,738
26,653,35,737
26,664,35,738
154,739,163,737
154,748,163,738
26,630,99,738
26,639,35,738
26,522,35,738
26,530,163,738
154,539,163,738
154,675,99,738
26,683,99,738
26,750,35,27
26,637,163,26
154,527,163,26
154,487,99,26
26,450,99,26
26,352,35,25
26,257,35,25
154,504,163,737
154,267,163,737
26,411,99,736
26,427,35,737
26,379,35,737
154,458,163,737
154,472,163,737
26,486,99,737
26,500,99,738
26,512,35,738
154,525,163,738
154,538,163,737
26,551,99,738
26,562,35,737
26,638,35,738
154,712,163,738
154,723,163,738
26,605,99,738
26,744,35,737
26,754,35,738
154,764,163,737
154,644,99,738
26,654,99,738
26,535,35,737
26,608,163,738
154,552,163,738
154,648,99,28
26,594,35,27
26,611,35,27
26,504,163,26
154,467,163,26
154,431,99,26
26,399,99,25
26,498,35,25
26,259,163,738
154,276,163,737
154,420,99,737
26,436,99,737
26,387,35,737
26,465,163,738
154,480,163,737
26,493,99,737
26,507,99,737
26,519,35,738
26,532,163,737
154,543,163,738
26,557,99,738
26,567,99,738
26,644,35,738
26,654,163,738
154,729,163,738
154,609,99,738
26,621,99,738
26,758,35,738
26,513,35,737
154,521,163,737
154,658,99,738
26,666,99,738
26,612,35,738
26,620,163,738
154,746,163,27
154,568,99,27
26,523,99,26
26,482,35,26
26,383,35,26
154,285,163,25
154,256,163,25
26,378,99,737
26,396,35,737
26,285,35,738
26,301,163,737
154,316,163,737
154,459,99,737
26,473,99,737
26,487,35,737
26,500,163,738
154,514,163,737
154,527,99,737
26,539,99,737
26,615,35,737
26,626,163,738
154,574,163,738
26,585,99,738
26,596,35,737
26,670,35,738
26,744,163,738
154,754,163,738
26,636,99,738
26,646,35,738
26,527,35,737
26,536,163,738
154,544,163,738
26,680,99,738
26,643,35,27
26,655,35,27
154,544,163,26
154,502,163,26
26,463,99,26
26,428,99,25
26,268,35,25
26,496,35,25
154,260,163,737
154,277,163,737
26,421,99,738
26,437,35,737
26,388,35,738
154,467,163,737
154,480,163,738
26,495,99,737
26,507,35,738
26,520,35,738
154,532,163,738
154,546,163,737
26,557,99,738
26,569,35,737
26,643,35,738
154,719,163,737
154,728,99,738
26,612,99,737
26,621,35,738
26,760,35,737
154,512,163,738
154,522,163,738
26,658,99,738
26,669,35,738
26,611,35,738
26,558,163,738
154,740,163,27
26,564,99,27
26,519,35,26
26,481,35,26
26,379,163,26
154,283,163,25
154,379,99,25
26,380,99,737
26,269,35,738
26,287,35,737
154,302,163,738
154,318,163,738
26,459,99,738
26,474,35,738
26,487,35,738
26,502,163,737
154,514,163,738
154,528,99,738
26,538,99,738
26,616,35,738
26,627,163,738
154,575,163,737
154,585,99,738
26,597,99,737
26,669,35,738
26,745,35,738
154,754,163,738
154,766,163,737
26,645,99,738
26,656,35,738
26,534,35,739
154,545,163,738
154,552,163,738
26,638,99,27
26,585,35,27
26,540,35,26
26,496,163,26
154,460,163,26
154,425,99,26
26,394,99,25
26,493,35,25
26,261,35,737
154,277,163,738
154,295,163,737
26,438,99,738
26,454,35,737
26,403,35,738
26,482,163,737
154,494,163,738
154,509,99,738
26,521,99,738
26,535,35,738
26,609,163,738
154,558,163,737
154,568,99,738
26,581,99,738
26,655,35,738
26,667,35,737
154,739,163,738
154,750,163,738
26,630,99,739
26,642,35,738
26,522,35,738
154,533,163,738
154,539,163,738
26,678,99,738
26,683,35,28
26,737,35,27
26,623,163,27
154,517,163,26
154,476,99,26
26,441,99,25
26,278,35,25
26,506,35,25
154,508,163,738
154,271,163,737
26,415,99,738
26,431,35,737
26,381,35,738
26,462,163,737
154,474,163,738
154,490,99,737
26,501,99,738
26,516,35,738
26,527,163,738
154,542,163,738
154,551,99,738
26,565,99,738
26,574,35,738
26,651,35,738
154,723,163,739
154,736,163,737
26,616,99,738
26,629,35,737
26,764,35,738
154,519,163,738
154,526,163,739
26,666,99,738
26,672,35,739
26,619,35,738
26,759,163,27
154,710,163,27
26,534,99,26
26,495,35,26
26,392,35,26
26,359,163,25
154,262,163,25
154,363,99,24
26,390,99,738
26,280,35,737
26,359,35,738
154,312,163,737
154,454,163,738
26,469,99,737
26,482,35,738
26,497,35,737
154,508,163,738
154,524,163,737
26,533,99,738
26,548,35,737
26,621,35,738
154,571,163,737
154,708,163,738
26,593,99,737
26,601,35,739
26,741,35,738
154,750,163,738
154,762,163,737
26,641,99,738
26,653,35,737
26,531,35,739
154,542,163,738
154,548,163,739
26,662,99,27
26,604,35,27
26,622,35,26
154,511,163,26
154,474,163,26
26,437,99,26
26,406,35,25
26,503,35,25
26,511,163,737
154,271,163,738
154,417,99,737
26,431,99,738
26,385,35,737
26,398,35,738
154,478,163,737
154,489,99,738
26,504,99,737
26,515,35,738
26,531,35,737
154,540,163,738
154,555,163,737
26,563,99,738
26,577,35,737
26,650,35,738
154,727,163,737
154,735,163,738
26,620,99,737
26,626,35,738
26,767,35,737
154,518,163,738
154,530,163,737
26,664,99,738
26,676,35,737
26,616,35,739
154,758,163,27
154,704,163,26
26,534,99,26
26,490,99,26
26,391,35,26
26,354,163,25
154,262,163,25
154,360,99,24
26,393,99,737
26,280,35,738
26,362,35,737
154,312,163,738
154,457,163,737
26,469,99,737
26,485,35,737
26,497,35,737
26,512,163,737
154,523,163,738
26,537,99,737
26,548,99,738
26,625,35,737
26,635,163,738
154,711,163,737
26,592,99,738
26,605,35,737
26,742,35,738
26,754,163,737
154,762,163,738
154,644,99,737
26,652,35,738
26,534,35,738
26,542,163,738
154,552,163,738
154,655,99,28
26,601,99,26
26,616,35,26
26,510,163,26
154,470,163,26
154,308,99,25
26,403,99,25
26,374,35,25
26,256,35,737
154,274,163,737
154,291,163,737
26,435,99,737
26,450,99,737
26,400,35,737
26,478,163,737
154,492,163,737
154,505,99,737
26,519,99,737
26,531,35,738
26,543,163,737
154,554,163,738
154,567,99,737
26,578,99,737
26,654,35,737
26,664,35,738
154,738,163,738
154,747,163,738
26,630,99,737
26,640,35,738
26,521,35,737
26,530,163,738
154,539,163,738
26,675,99,738
26,684,35,738
26,751,35,27
26,638,163,27
154,528,163,27
154,487,99,26
26,450,99,26
26,353,35,25
26,259,35,24
154,503,163,737
154,267,163,738
26,411,99,738
26,427,35,738
26,379,35,737
154,458,163,737
154,472,163,737
26,486,99,737
26,498,35,738
26,512,35,737
26,525,163,737
154,538,163,737
154,550,99,738
26,562,99,737
26,636,35,738
26,648,163,737
154,723,163,737
154,734,99,737
26,615,99,738
26,754,35,738
26,762,163,738
154,516,163,738
154,526,99,738
26,663,99,737
26,671,35,738
26,615,35,738
154,520,163,28
154,723,99,27
26,548,99,27
26,506,35,26
26,403,35,26
154,304,163,26
154,271,99,25
26,371,99,25
26,387,35,737
26,276,35,737
154,292,163,737
154,308,163,738
26,450,99,738
26,466,35,737
26,415,35,737
26,493,163,737
154,506,163,737
26,519,99,737
26,532,35,737
26,608,35,737
26,556,163,737
154,568,163,737
26,579,99,737
26,590,35,738
26,664,35,738
154,739,163,738
154,749,163,738
26,632,99,738
26,641,35,738
26,521,35,738
154,530,163,738
154,540,163,738
26,676,99,738
26,684,35,738
26,746,35,27
154,569,163,26
154,523,163,27
26,484,99,26
26,447,99,26
26,286,35,25
26,511,163,25
154,506,163,737
154,396,99,738
26,414,99,737
26,364,35,738
26,381,35,738
154,458,163,738
154,473,99,738
26,486,99,738
26,500,35,737
