6,678,33,738
31,650,46,27
252,557,11,27
3,479,18,26
252,414,11,26
252,360,11,25
3,404,18,738
252,433,11,738
252,462,11,738
3,488,18,738
252,514,11,738
252,537,11,737
3,559,18,738
252,580,11,738
252,600,11,738
3,619,18,738
252,638,11,738
252,654,11,739
3,669,18,739
252,662,11,27
252,565,11,26
3,487,18,26
252,422,11,25
252,367,11,24
3,401,18,738
252,432,11,738
252,459,11,737
3,485,18,738
252,510,11,738
252,534,11,738
3,556,18,738
252,578,11,738
252,597,11,738
3,615,18,739
252,633,11,739
252,651,11,739
3,668,18,739
252,684,11,739
252,577,11,27
3,497,18,26
252,430,11,26
252,373,11,25
3,397,18,737
252,428,11,738
252,456,11,738
3,482,18,737
252,507,11,738
252,530,11,738
3,552,18,739
252,573,11,738
252,594,11,739
3,614,18,738
252,632,11,738
252,650,11,738
3,668,18,738
252,683,11,738
252,588,11,27
3,506,18,26
252,437,11,25
252,379,11,25
3,394,18,738
252,424,11,738
252,451,11,739
3,478,18,738
252,503,11,739
252,527,11,738
3,550,18,738
252,572,11,738
252,593,11,738
3,613,18,737
252,631,11,738
252,649,11,738
3,665,18,738
252,681,11,738
252,599,11,26
3,514,18,26
252,443,11,26
252,384,11,25
3,389,18,738
252,420,11,738
252,449,11,738
3,476,18,738
252,501,11,738
252,526,11,738
3,549,18,737
252,570,11,737
252,590,11,738
3,610,18,738
252,629,11,738
252,647,11,738
3,663,18,738
252,677,11,739
252,608,11,27
3,522,18,26
252,451,11,26
252,392,11,25
3,386,18,738
252,418,11,738
252,447,11,737
3,473,18,738
252,499,11,738
252,523,11,738
3,546,18,738
252,568,11,738
252,588,11,738
3,606,18,738
252,624,11,739
252,642,11,739
3,659,18,739
252,676,11,739
252,620,11,27
3,533,18,26
252,460,11,25
252,399,11,25
3,382,18,738
252,414,11,738
252,443,11,738
3,470,18,738
252,495,11,738
252,520,11,738
3,541,18,739
252,563,11,739
252,584,11,739
3,604,18,739
252,624,11,738
252,642,11,738
3,660,18,738
252,677,11,738
252,634,11,28
3,542,18,27
252,468,11,26
252,406,11,25
3,378,18,738
252,410,11,737
252,439,11,738
3,465,18,738
252,491,11,739
252,516,11,739
3,540,18,738
252,562,11,738
252,583,11,738
3,604,18,738
252,623,11,738
252,641,11,738
3,658,18,738
252,674,11,738
252,645,11,27
3,553,18,27
252,476,11,25
252,411,11,25
3,372,18,738
252,405,11,739
252,435,11,738
3,464,18,738
252,490,11,738
252,514,11,738
3,539,18,737
252,560,11,738
252,581,11,738
3,601,18,738
252,620,11,738
252,638,11,738
3,656,18,738
252,671,11,738
252,655,11,28
3,560,18,27
252,483,11,26
252,418,11,25
3,363,18,24
252,403,11,738
252,433,11,737
3,461,18,737
252,487,11,738
252,512,11,738
3,535,18,738
252,558,11,738
252,579,11,738
3,598,18,738
252,616,11,738
252,634,11,739
3,651,18,739
252,668,11,739
252,685,11,738
3,572,18,26
252,492,11,26
252,427,11,26
3,371,18,25
252,399,11,737
252,430,11,738
3,457,18,738
252,484,11,738
252,509,11,738
3,532,18,738
252,553,11,739
252,574,11,739
3,595,18,739
252,614,11,739
252,634,11,738
3,651,18,739
252,669,11,738
252,685,11,738
3,582,18,27
252,500,11,26
252,433,11,25
3,376,18,25
252,396,11,738
252,426,11,738
3,453,18,738
252,479,11,739
252,504,11,739
3,528,18,738
252,553,11,738
252,574,11,738
3,594,18,738
252,614,11,737
252,633,11,738
3,650,18,738
252,666,11,738
252,682,11,738
3,593,18,27
252,510,11,27
252,440,11,26
3,381,18,25
252,390,11,738
252,421,11,738
3,450,18,738
252,478,11,738
252,503,11,738
3,528,18,738
252,550,11,737
252,572,11,738
3,592,18,738
252,611,11,738
252,630,11,738
3,648,18,738
252,664,11,738
252,678,11,739
3,602,18,27
252,517,11,26
252,447,11,26
3,389,18,25
252,387,11,738
252,419,11,738
3,448,18,737
252,475,11,737
252,500,11,738
3,524,18,738
252,547,11,738
252,569,11,738
3,590,18,737
252,609,11,738
252,626,11,739
3,643,18,739
252,660,11,739
252,677,11,739
3,615,18,27
252,528,11,26
252,456,11,26
3,396,18,25
252,384,11,738
252,416,11,738
3,445,18,737
252,472,11,738
252,497,11,738
3,521,18,738
252,543,11,738
252,565,11,739
3,585,18,739
252,605,11,739
252,625,11,738
3,643,18,739
252,660,11,738
252,677,11,738
3,627,18,27
252,537,11,26
252,463,11,26
3,402,18,25
252,380,11,738
252,412,11,738
3,441,18,738
252,467,11,738
252,492,11,739
3,517,18,739
252,541,11,738
252,563,11,738
3,585,18,738
252,605,11,738
252,624,11,738
3,642,18,738
252,659,11,738
252,675,11,738
3,638,18,27
252,547,11,26
252,471,11,26
3,407,18,25
252,374,11,738
252,407,11,739
3,437,18,738
252,466,11,738
252,491,11,738
3,516,18,737
252,540,11,738
252,562,11,737
3,582,18,738
252,602,11,738
252,621,11,738
3,639,18,738
252,657,11,738
252,672,11,738
3,649,18,27
252,555,11,26
252,478,11,26
3,414,18,25
252,361,11,24
252,405,11,738
3,435,18,738
252,463,11,737
252,489,11,738
3,513,18,738
252,537,11,738
252,559,11,738
3,580,18,738
252,600,11,738
252,618,11,739
3,635,18,739
252,652,11,739
252,669,11,739
3,663,18,28
252,566,11,26
252,487,11,26
3,423,18,25
252,367,11,25
252,401,11,738
3,431,18,738
252,459,11,738
252,485,11,738
3,510,18,738
252,534,11,738
252,554,11,739
3,576,18,738
252,596,11,739
252,616,11,739
3,635,18,738
252,652,11,738
252,669,11,738
3,686,18,738
252,577,11,27
252,496,11,26
3,429,18,25
252,373,11,25
252,398,11,738
3,428,18,737
252,455,11,738
252,481,11,738
3,506,18,738
252,530,11,739
252,553,11,738
3,574,18,738
252,595,11,738
252,615,11,737
3,634,18,738
252,651,11,738
252,667,11,738
3,683,18,738
252,588,11,26
252,505,11,26
3,437,18,25
252,378,11,24
252,392,11,738
3,423,18,738
252,452,11,738
252,479,11,737
3,504,18,738
252,528,11,738
252,552,11,737
3,573,18,738
252,593,11,738
252,612,11,738
3,631,18,738
252,649,11,738
252,665,11,738
3,680,18,739
252,597,11,27
252,513,11,26
3,443,18,26
252,385,11,25
252,389,11,738
3,420,18,737
252,450,11,737
252,476,11,738
3,501,18,738
252,526,11,738
252,548,11,738
3,570,18,738
252,591,11,738
252,610,11,738
3,626,18,739
252,644,11,739
252,661,11,739
3,677,18,739
252,610,11,27
252,524,11,27
3,453,18,25
252,393,11,25
252,386,11,737
3,417,18,738
252,446,11,738
252,473,11,737
3,498,18,738
252,523,11,737
252,544,11,738
3,565,18,739
252,586,11,739
252,606,11,739
3,626,18,739
252,643,11,738
252,661,11,738
3,678,18,738
252,623,11,27
252,534,11,26
3,461,18,26
252,399,11,25
252,382,11,738
3,414,18,738
252,442,11,738
252,468,11,739
3,494,18,739
252,518,11,738
252,541,11,739
3,564,18,738
252,585,11,738
252,605,11,738
3,625,18,738
252,643,11,738
252,659,11,738
3,675,18,738
252,634,11,27
252,544,11,26
3,469,18,27
252,406,11,25
252,376,11,739
3,408,18,739
252,438,11,738
252,466,11,738
3,491,18,738
252,517,11,737
252,541,11,737
3,563,18,738
252,583,11,738
252,603,11,738
3,622,18,738
252,640,11,738
252,658,11,737
3,673,18,738
252,645,11,27
252,552,11,26
3,476,18,26
252,412,11,26
252,371,11,738
3,406,18,738
252,435,11,738
252,464,11,738
3,490,18,738
252,514,11,738
252,537,11,738
3,559,18,738
252,580,11,738
252,601,11,738
3,619,18,738
252,636,11,739
252,653,11,739
3,670,18,739
252,659,11,27
252,563,11,27
3,485,18,26
252,420,11,26
252,365,11,25
3,402,18,737
252,432,11,737
252,460,11,737
3,486,18,738
252,511,11,737
252,535,11,738
3,555,18,739
252,576,11,739
252,596,11,739
3,616,18,739
252,636,11,738
252,653,11,738
3,670,18,738
252,687,11,738
252,574,11,27
3,494,18,26
252,427,11,25
252,371,11,24
3,399,18,738
252,429,11,738
252,456,11,738
3,481,18,739
252,506,11,739
252,530,11,739
3,553,18,738
252,575,11,738
252,595,11,738
3,616,18,738
252,634,11,738
252,651,11,738
3,668,18,738
252,684,11,739
252,584,11,27
3,502,18,26
252,434,11,26
252,376,11,25
3,394,18,739
252,424,11,739
252,452,11,738
3,480,18,738
252,505,11,738
252,529,11,738
3,552,18,738
252,574,11,738
252,593,11,738
3,613,18,738
252,631,11,738
252,649,11,738
3,666,18,738
252,681,11,739
252,593,11,27
3,510,18,26
252,441,11,26
252,383,11,25
3,390,18,738
252,422,11,738
252,451,11,738
3,478,18,737
252,502,11,737
252,527,11,738
3,549,18,738
252,571,11,738
252,592,11,738
3,611,18,738
252,628,11,738
252,645,11,739
3,662,18,739
252,678,11,739
252,606,11,27
3,521,18,27
252,450,11,26
252,391,11,26
3,388,18,737
252,419,11,738
252,447,11,738
3,474,18,738
252,500,11,738
252,524,11,738
3,546,18,738
252,566,11,739
252,587,11,739
3,607,18,739
252,626,11,739
252,644,11,739
3,662,18,738
252,679,11,738
252,619,11,27
3,530,18,26
252,458,11,26
252,397,11,25
3,383,18,738
252,415,11,737
252,444,11,738
3,469,18,738
252,495,11,739
252,519,11,739
3,543,18,739
252,566,11,739
252,586,11,738
3,606,18,738
252,626,11,737
252,644,11,738
3,660,18,738
252,676,11,738
252,629,11,27
3,539,18,27
252,465,11,26
252,402,11,25
3,378,18,738
252,410,11,739
252,440,11,738
3,467,18,738
252,493,11,738
252,518,11,738
3,542,18,737
252,564,11,738
252,585,11,737
3,604,18,738
252,623,11,738
252,641,11,738
3,658,18,738
252,674,11,738
252,639,11,27
3,547,18,27
252,472,11,26
252,409,11,25
3,374,18,738
252,408,11,738
252,437,11,738
3,466,18,737
252,491,11,738
252,515,11,738
3,539,18,738
252,561,11,738
252,582,11,738
3,602,18,738
252,620,11,738
252,637,11,739
3,654,18,739
252,671,11,739
252,652,11,28
3,558,18,27
252,481,11,26
252,417,11,26
3,363,18,25
252,404,11,737
252,434,11,738
3,462,18,738
252,488,11,738
252,512,11,738
3,535,18,738
252,556,11,738
252,577,11,739
3,598,18,738
252,617,11,738
252,637,11,738
3,654,18,738
252,670,11,738
252,669,11,28
3,570,18,26
252,490,11,26
252,424,11,26
3,368,18,25
252,401,11,738
252,431,11,737
3,458,18,738
252,483,11,739
252,508,11,738
3,532,18,738
252,555,11,738
252,576,11,738
3,597,18,738
252,617,11,738
252,635,11,738
3,653,18,738
252,669,11,738
252,684,11,738
3,580,18,27
252,498,11,26
252,431,11,26
3,373,18,25
252,395,11,738
252,426,11,738
3,454,18,738
252,481,11,738
252,506,11,738
3,530,18,737
252,554,11,738
252,575,11,738
3,595,18,738
252,614,11,738
252,633,11,738
3,650,18,738
252,667,11,738
252,682,11,739
3,588,18,27
252,506,11,26
252,437,11,25
3,380,18,25
252,392,11,738
252,423,11,738
3,452,18,738
252,479,11,737
252,503,11,738
3,528,18,738
252,551,11,738
252,572,11,738
3,593,18,738
252,612,11,738
252,629,11,738
3,646,18,739
252,663,11,739
252,679,11,739
3,602,18,27
252,517,11,26
252,447,11,26
3,388,18,25
252,389,11,738
252,420,11,737
3,449,18,738
252,475,11,738
252,501,11,738
3,525,18,738
252,547,11,738
252,567,11,739
3,588,18,739
252,608,11,739
252,627,11,739
3,646,18,738
252,663,11,738
252,679,11,738
3,614,18,27
252,526,11,26
252,454,11,26
3,394,18,25
252,384,11,738
252,416,11,737
3,445,18,737
252,471,11,738
252,496,11,739
3,520,18,739
252,544,11,739
252,567,11,738
3,587,18,738
252,607,11,738
252,627,11,737
3,645,18,738
252,661,11,738
252,677,11,739
3,624,18,27
252,536,11,26
252,462,11,26
3,400,18,25
252,379,11,739
252,411,11,739
3,441,18,739
252,468,11,738
252,494,11,738
3,519,18,738
252,543,11,737
252,565,11,738
3,585,18,738
252,605,11,738
252,624,11,738
3,642,18,738
252,659,11,738
252,675,11,738
3,635,18,27
252,544,11,26
252,469,11,26
3,407,18,25
252,376,11,738
252,408,11,738
3,438,18,738
252,467,11,737
252,492,11,738
3,516,18,738
252,539,11,738
252,562,11,738
3,582,18,738
252,603,11,738
252,621,11,738
3,638,18,739
252,655,11,739
252,671,11,739
3,649,18,28
252,555,11,26
252,478,11,26
3,415,18,26
252,361,11,737
252,405,11,737
3,435,18,738
252,463,11,737
252,489,11,738
3,513,18,737
252,537,11,738
252,557,11,738
3,578,18,739
252,598,11,739
252,618,11,739
3,637,18,738
252,655,11,738
252,671,11,738
3,664,18,28
252,567,11,26
252,488,11,26
3,422,18,25
252,366,11,25
252,401,11,738
3,432,18,738
252,458,11,738
252,484,11,739
3,509,18,739
252,532,11,739
252,555,11,738
3,577,18,738
252,597,11,738
252,617,11,738
3,636,18,738
252,653,11,738
252,670,11,738
3,685,18,738
252,577,11,27
252,496,11,27
3,429,18,26
