8,548,35,26
40,491,55,26
11,425,26,26
253,368,12,25
253,402,12,737
253,432,12,738
253,459,12,737
253,486,12,737
253,511,12,737
253,534,12,737
253,557,12,738
253,578,12,737
253,597,12,738
253,616,12,737
253,635,12,738
253,650,12,738
253,667,12,738
253,683,12,739
253,575,12,27
253,493,12,26
253,428,12,26
253,372,12,26
253,401,12,737
253,431,12,737
253,459,12,737
253,485,12,737
253,510,12,737
253,534,12,737
253,556,12,738
253,575,12,738
253,595,12,738
253,614,12,738
253,632,12,738
253,652,12,737
253,668,12,738
253,684,12,738
253,579,12,27
253,498,12,26
253,429,12,26
253,373,12,26
253,400,12,737
253,430,12,737
253,458,12,737
253,484,12,738
253,507,12,738
253,531,12,738
253,554,12,738
253,576,12,738
253,595,12,738
253,616,12,737
253,635,12,737
253,652,12,738
253,669,12,738
253,684,12,738
253,579,12,27
253,498,12,26
253,431,12,25
253,374,12,25
253,398,12,738
253,428,12,738
253,456,12,738
253,483,12,738
253,509,12,737
253,532,12,737
253,555,12,737
253,577,12,737
253,597,12,737
253,615,12,738
253,634,12,737
253,651,12,738
253,668,12,737
253,684,12,738
253,580,12,27
253,498,12,26
253,431,12,26
253,374,12,25
253,398,12,738
253,429,12,737
253,457,12,737
253,483,12,737
253,508,12,737
253,532,12,737
253,554,12,738
253,575,12,737
253,596,12,738
253,615,12,737
253,632,12,738
253,649,12,738
253,666,12,738
253,681,12,739
253,583,12,27
253,501,12,26
253,433,12,26
253,377,12,26
253,399,12,736
253,428,12,737
253,456,12,737
253,483,12,737
253,507,12,738
253,531,12,737
253,554,12,738
253,573,12,738
253,593,12,738
253,613,12,738
253,632,12,738
253,649,12,737
253,667,12,738
253,683,12,738
253,586,12,28
253,504,12,26
253,435,12,26
253,377,12,25
253,397,12,737
253,428,12,737
253,456,12,737
253,481,12,738
253,505,12,738
253,529,12,738
253,551,12,738
253,574,12,738
253,594,12,738
253,614,12,737
253,633,12,737
253,651,12,738
253,667,12,738
253,683,12,738
253,588,12,27
253,504,12,25
253,437,12,25
253,379,12,25
253,395,12,738
253,426,12,738
253,454,12,738
253,480,12,738
253,506,12,737
253,530,12,738
253,553,12,738
253,575,12,737
253,595,12,737
253,614,12,737
253,632,12,738
253,650,12,738
253,667,12,737
253,681,12,738
253,589,12,27
253,505,12,26
253,436,12,26
253,379,12,25
253,395,12,737
253,426,12,738
253,454,12,737
253,481,12,737
253,506,12,737
253,530,12,737
253,553,12,737
253,574,12,737
253,594,12,738
253,614,12,738
253,632,12,737
253,647,12,739
253,664,12,738
253,680,12,739
253,590,12,27
253,507,12,26
253,439,12,25
253,381,12,25
253,395,12,737
253,426,12,737
253,454,12,738
253,480,12,737
253,506,12,738
253,529,12,737
253,552,12,738
253,572,12,738
253,592,12,738
253,611,12,738
253,630,12,738
253,649,12,737
253,665,12,738
253,681,12,738
253,595,12,27
253,510,12,26
253,441,12,26
253,382,12,25
253,394,12,737
253,425,12,737
253,454,12,738
253,479,12,737
253,503,12,738
253,528,12,738
253,550,12,738
253,572,12,738
253,593,12,737
253,613,12,738
253,631,12,738
253,650,12,737
253,666,12,737
253,681,12,738
253,595,12,27
253,512,12,26
253,442,12,26
253,383,12,25
253,393,12,738
253,423,12,738
253,451,12,738
253,478,12,737
253,504,12,738
253,528,12,738
253,551,12,737
253,573,12,737
253,593,12,738
253,612,12,737
253,631,12,738
253,648,12,737
253,665,12,738
253,681,12,737
253,596,12,26
253,511,12,27
253,441,12,25
253,383,12,25
253,393,12,738
253,424,12,738
253,452,12,737
253,479,12,738
253,505,12,737
253,528,12,737
253,550,12,738
253,573,12,737
253,593,12,737
253,612,12,738
253,630,12,737
253,646,12,739
253,662,12,739
253,678,12,738
253,597,12,27
253,514,12,27
253,444,12,25
253,386,12,25
253,393,12,737
253,423,12,737
253,452,12,737
253,479,12,737
253,503,12,738
253,528,12,737
253,550,12,738
253,570,12,738
253,591,12,738
253,610,12,738
253,628,12,739
253,648,12,738
253,664,12,738
253,679,12,738
253,601,12,27
253,516,12,26
253,445,12,26
253,386,12,26
253,392,12,737
253,422,12,737
253,451,12,737
253,478,12,737
253,502,12,738
253,525,12,738
253,548,12,738
253,571,12,738
253,591,12,738
253,611,12,737
253,631,12,737
253,648,12,738
253,665,12,738
253,680,12,738
253,602,12,27
253,517,12,26
253,447,12,25
253,387,12,25
253,390,12,738
253,421,12,738
253,450,12,738
253,476,12,738
253,503,12,737
253,527,12,739
253,549,12,737
253,572,12,737
253,592,12,737
253,611,12,738
253,630,12,737
253,648,12,737
253,663,12,737
253,680,12,738
253,603,12,28
253,517,12,26
253,446,12,26
253,387,12,25
253,390,12,738
253,421,12,738
253,450,12,737
253,477,12,737
253,502,12,737
253,526,12,738
253,549,12,737
253,570,12,737
253,591,12,737
253,611,12,737
253,628,12,738
253,645,12,738
253,661,12,738
253,677,12,739
253,604,12,27
253,520,12,27
253,449,12,26
253,389,12,25
253,390,12,737
253,421,12,737
253,449,12,738
253,477,12,737
253,502,12,737
253,525,12,738
253,549,12,737
253,570,12,738
253,588,12,738
253,608,12,738
253,627,12,738
253,645,12,738
253,662,12,737
253,679,12,738
253,608,12,28
253,522,12,26
253,451,12,26
253,391,12,26
253,389,12,737
253,421,12,737
253,450,12,737
253,476,12,738
253,500,12,738
253,524,12,738
253,546,12,738
253,569,12,738
253,590,12,737
253,609,12,738
253,629,12,738
253,647,12,737
253,663,12,737
253,679,12,738
253,610,12,27
253,523,12,26
253,452,12,27
253,392,12,25
253,388,12,738
253,418,12,738
253,448,12,738
253,474,12,738
253,500,12,738
253,524,12,738
253,548,12,737
253,569,12,738
253,590,12,737
253,609,12,738
253,627,12,737
253,645,12,738
253,663,12,737
253,679,12,738
253,611,12,27
253,523,12,26
253,452,12,26
253,391,12,25
253,387,12,738
253,419,12,737
253,448,12,738
253,476,12,737
253,501,12,737
253,525,12,737
253,548,12,737
253,569,12,738
253,589,12,738
253,610,12,737
253,628,12,737
253,644,12,738
253,660,12,738
253,676,12,738
253,612,12,27
253,526,12,27
253,454,12,25
253,393,12,25
253,388,12,738
253,419,12,737
253,448,12,737
253,474,12,738
253,500,12,737
253,524,12,737
253,546,12,737
253,568,12,738
253,587,12,738
253,607,12,738
253,625,12,738
253,644,12,738
253,661,12,738
253,677,12,738
253,617,12,27
253,529,12,26
253,456,12,25
253,395,12,25
253,387,12,737
253,418,12,737
253,447,12,737
253,474,12,738
253,497,12,738
253,522,12,738
253,544,12,738
253,566,12,738
253,589,12,737
253,608,12,738
253,626,12,737
253,645,12,737
253,663,12,737
253,678,12,738
253,618,12,27
253,530,12,26
253,458,12,25
253,396,12,25
253,385,12,737
253,416,12,738
253,445,12,738
253,472,12,738
253,498,12,738
253,522,12,737
253,545,12,737
253,568,12,737
253,589,12,737
253,608,12,737
253,627,12,737
253,644,12,737
253,661,12,738
253,678,12,737
253,620,12,27
253,529,12,26
253,457,12,26
253,396,12,25
253,384,12,738
253,416,12,737
253,446,12,737
253,472,12,738
253,498,12,737
253,523,12,737
253,545,12,738
253,567,12,737
253,588,12,738
253,607,12,737
253,626,12,738
253,643,12,738
253,659,12,738
253,674,12,739
253,621,12,27
253,533,12,27
253,459,12,26
253,399,12,26
253,385,12,736
253,416,12,737
253,446,12,737
253,472,12,737
253,497,12,737
253,522,12,737
253,546,12,737
253,566,12,738
253,585,12,739
253,605,12,738
253,624,12,738
253,641,12,738
253,660,12,737
253,676,12,737
253,624,12,27
253,536,12,27
253,462,12,26
253,399,12,26
253,384,12,737
253,416,12,737
253,444,12,737
253,472,12,737
253,496,12,737
253,519,12,738
253,543,12,738
253,565,12,738
253,586,12,738
253,605,12,737
253,625,12,738
253,644,12,737
253,660,12,737
253,677,12,738
253,627,12,28
253,537,12,26
253,463,12,26
253,401,12,26
253,382,12,737
253,414,12,738
253,442,12,738
253,469,12,738
253,495,12,738
253,521,12,737
253,544,12,738
253,566,12,737
253,588,12,737
253,606,12,738
253,625,12,738
253,643,12,737
253,660,12,738
253,675,12,738
253,629,12,27
253,537,12,26
253,462,12,26
253,401,12,26
253,381,12,738
253,414,12,737
253,443,12,738
253,470,12,737
253,496,12,737
253,521,12,737
253,544,12,737
253,565,12,737
253,586,12,738
253,606,12,737
253,625,12,737
253,641,12,738
253,657,12,738
253,673,12,738
253,628,12,28
253,540,12,27
253,465,12,25
253,403,12,25
253,381,12,737
253,414,12,737
253,442,12,737
253,470,12,738
253,496,12,737
253,520,12,737
253,542,12,737
253,565,12,737
253,584,12,738
253,603,12,738
253,622,12,738
253,641,12,738
253,658,12,737
253,675,12,738
253,633,12,27
253,542,12,26
253,468,12,26
253,405,12,25
253,381,12,737
253,413,12,738
253,443,12,737
253,469,12,738
253,494,12,737
253,518,12,738
253,541,12,738
253,563,12,738
253,585,12,737
253,604,12,738
253,623,12,738
253,643,12,737
253,660,12,737
253,675,12,738
253,635,12,28
253,544,12,26
253,469,12,26
253,406,12,26
253,380,12,737
253,411,12,738
253,440,12,738
253,467,12,738
253,493,12,738
253,518,12,737
253,542,12,737
253,564,12,738
253,585,12,737
253,605,12,737
253,623,12,737
253,641,12,738
253,659,12,737
253,675,12,737
253,637,12,28
253,545,12,26
253,469,12,26
253,406,12,26
253,378,12,738
253,411,12,737
253,440,12,737
253,468,12,737
253,495,12,737
253,519,12,737
253,541,12,738
253,564,12,737
253,584,12,737
253,603,12,738
253,623,12,737
253,641,12,738
253,655,12,739
253,672,12,739
253,637,12,28
253,545,12,27
253,471,12,27
253,408,12,25
253,378,12,737
253,411,12,737
253,441,12,737
253,468,12,737
253,493,12,737
253,518,12,738
253,541,12,737
253,563,12,738
253,583,12,738
253,602,12,738
253,620,12,738
253,639,12,738
253,658,12,738
253,673,12,738
253,641,12,27
253,550,12,26
253,473,12,26
253,409,12,25
253,377,12,737
253,410,12,737
253,439,12,738
253,467,12,737
253,493,12,737
253,515,12,739
253,539,12,738
253,561,12,738
253,582,12,738
253,603,12,737
253,622,12,738
253,640,12,737
253,658,12,737
253,674,12,738
253,643,12,28
253,551,12,27
253,475,12,27
253,410,12,26
253,377,12,737
253,409,12,738
253,438,12,738
253,465,12,738
253,491,12,738
253,517,12,737
253,540,12,738
253,562,12,737
253,584,12,737
253,603,12,738
253,622,12,737
253,640,12,738
253,656,12,737
253,674,12,738
253,646,12,27
253,551,12,27
253,474,12,26
253,411,12,25
253,375,12,738
253,408,12,738
253,438,12,737
253,466,12,738
253,492,12,737
253,517,12,737
253,540,12,737
253,562,12,737
253,583,12,737
253,603,12,737
253,621,12,737
253,640,12,738
253,655,12,738
253,670,12,738
253,645,12,28
253,553,12,27
253,477,12,26
253,412,12,26
253,375,12,737
253,409,12,737
253,438,12,737
253,466,12,737
253,491,12,737
253,516,12,738
253,540,12,737
253,562,12,737
253,580,12,738
253,600,12,738
253,619,12,738
253,637,12,738
253,656,12,738
253,672,12,738
253,649,12,27
253,556,12,26
253,478,12,26
253,413,12,26
253,374,12,737
253,408,12,737
253,437,12,737
253,465,12,738
253,491,12,737
253,514,12,738
253,537,12,738
253,560,12,738
253,581,12,738
253,601,12,737
253,621,12,738
253,640,12,737
253,657,12,737
253,673,12,738
253,652,12,28
253,557,12,27
253,479,12,26
253,415,12,26
253,360,12,737
253,406,12,738
253,436,12,738
253,463,12,738
253,489,12,738
253,515,12,738
253,538,12,738
253,560,12,738
253,582,12,737
253,602,12,737
253,620,12,738
253,639,12,737
253,656,12,737
253,672,12,738
253,654,12,28
253,559,12,27
253,480,12,26
253,414,12,25
253,361,12,25
253,406,12,738
253,436,12,737
253,464,12,737
253,490,12,737
253,515,12,737
253,538,12,737
253,561,12,737
253,581,12,738
253,601,12,737
253,620,12,738
253,638,12,737
253,653,12,738
253,670,12,738
253,653,12,28
253,558,12,27
253,482,12,26
253,417,12,26
253,362,12,25
253,407,12,737
253,436,12,737
253,463,12,738
253,490,12,737
253,514,12,738
253,537,12,738
253,560,12,737
253,580,12,738
253,598,12,738
253,618,12,738
253,636,12,738
253,654,12,738
253,670,12,738
253,658,12,28
253,562,12,27
253,484,12,26
253,419,12,25
253,364,12,25
253,405,12,737
253,436,12,737
253,464,12,737
253,489,12,738
253,512,12,738
253,536,12,738
253,557,12,738
253,579,12,738
253,600,12,737
253,619,12,738
253,637,12,737
253,656,12,738
253,671,12,737
253,660,12,27
253,564,12,26
253,485,12,26
253,419,12,25
253,364,12,24
253,404,12,737
253,433,12,738
253,461,12,738
253,487,12,738
253,512,12,738
253,536,12,737
253,559,12,737
253,580,12,737
253,600,12,737
253,620,12,737
253,637,12,737
253,655,12,738
253,671,12,737
253,663,12,27
253,564,12,27
253,485,12,25
253,419,12,25
253,364,12,25
253,404,12,738
253,434,12,737
253,461,12,737
253,488,12,738
253,513,12,737
