7,530,36,738
113,665,129,738
20,675,36,737
20,619,36,738
148,759,164,28
148,708,164,27
20,534,100,27
20,492,36,27
20,392,36,26
20,294,164,25
148,262,164,25
148,361,100,25
20,391,100,738
20,280,36,738
20,362,36,737
148,313,164,737
148,456,164,737
20,469,100,738
20,483,36,737
20,497,36,737
20,510,164,737
148,524,164,737
148,536,100,737
20,547,100,738
20,623,36,738
20,635,164,737
148,711,164,738
148,721,100,737
20,604,100,738
20,741,36,738
20,752,36,738
148,762,164,738
148,516,164,737
20,652,100,738
20,662,100,737
20,541,36,738
20,550,164,738
148,531,164,28
148,605,100,28
20,556,100,27
20,513,36,26
20,409,36,26
148,309,164,25
148,277,164,25
20,375,100,25
20,382,100,737
20,272,36,737
20,352,164,738
148,305,164,737
148,319,100,737
20,463,100,737
20,476,36,737
20,491,36,737
20,502,164,738
148,516,164,738
148,529,100,738
20,542,100,737
20,617,36,738
20,629,36,738
148,704,164,738
148,716,164,737
20,598,100,738
20,609,100,738
20,747,36,738
20,757,164,738
148,766,164,738
148,648,100,738
20,656,100,738
20,538,36,737
20,610,36,738
148,555,164,738
148,757,164,28
20,579,100,27
20,533,100,27
20,492,36,26
20,391,36,26
148,293,164,25
148,261,100,26
20,361,100,25
20,392,36,737
20,281,36,737
20,361,164,737
148,312,164,737
148,455,100,738
20,470,100,737
20,484,36,737
20,497,36,737
20,511,164,738
148,523,164,737
148,535,100,738
20,548,100,737
20,624,36,738
20,635,36,738
148,710,164,738
148,721,164,738
20,603,100,738
20,614,36,738
20,752,36,738
20,762,164,738
148,515,164,738
148,652,100,738
20,660,100,738
20,542,36,738
20,614,36,738
148,530,164,28
148,730,164,27
20,555,100,27
20,510,36,26
20,409,36,26
148,308,164,26
148,277,164,26
148,374,100,25
20,383,100,737
20,272,36,738
20,353,36,737
148,305,164,738
148,449,164,737
20,462,100,738
20,477,100,737
20,489,36,738
20,504,164,738
148,516,164,738
148,530,100,738
20,541,100,738
20,618,36,738
20,628,164,738
148,705,164,737
148,715,100,738
20,599,100,737
20,671,36,738
20,747,36,737
148,755,164,738
148,767,164,738
20,647,100,738
20,658,36,738
20,537,36,739
148,546,164,738
148,553,164,739
20,629,100,27
20,577,36,27
20,533,36,26
20,490,164,26
148,454,164,26
20,418,100,25
20,389,100,26
20,488,36,738
20,264,36,737
148,280,164,738
148,297,164,737
20,440,100,738
20,456,100,737
20,405,36,738
20,484,164,737
148,496,164,738
148,510,100,738
20,522,100,738
20,537,36,738
20,611,36,738
148,561,164,737
148,570,164,739
20,582,100,738
20,591,36,738
20,669,36,737
148,741,164,738
148,753,164,737
20,632,100,738
20,643,36,738
20,523,36,739
20,534,164,738
148,541,164,738
20,679,100,738
20,654,36,28
20,665,36,27
20,552,164,27
148,511,164,26
148,470,100,26
20,437,100,26
20,274,36,26
20,502,164,26
148,510,164,738
148,273,164,737
20,417,100,738
20,434,36,737
20,383,36,738
148,463,164,737
148,476,164,738
20,491,100,737
20,503,100,738
20,517,36,737
20,528,164,739
148,542,164,738
148,553,100,738
20,567,100,737
20,576,36,738
20,653,36,737
148,725,164,739
148,737,164,737
20,618,100,738
20,630,36,737
20,765,36,738
20,520,164,737
148,527,164,739
20,666,100,738
20,673,36,738
20,620,36,738
20,753,164,27
148,705,164,27
20,529,100,27
20,490,100,27
20,387,36,26
20,355,36,26
148,259,164,26
148,501,164,737
20,391,100,738
20,410,36,737
20,361,36,738
148,314,164,737
148,455,164,738
20,471,100,737
20,483,36,739
20,498,164,738
148,510,164,738
148,525,100,737
20,535,100,738
20,613,36,737
148,559,164,738
148,572,164,737
20,581,100,738
20,595,36,737
20,667,36,738
148,743,164,737
148,750,100,739
20,635,100,737
20,642,36,738
20,526,36,738
20,532,164,738
148,543,164,738
20,676,100,739
20,656,36,28
20,663,36,27
20,618,164,27
148,508,164,26
148,471,100,26
20,433,100,26
20,275,36,26
20,500,164,25
148,257,164,737
148,400,100,738
20,418,100,737
20,368,36,738
20,385,164,737
148,462,164,738
148,478,100,737
20,490,100,738
20,505,36,737
20,516,164,739
148,531,164,737
20,541,100,738
20,556,36,737
20,629,36,738
20,706,164,737
148,714,164,738
20,600,100,737
20,736,36,738
20,749,36,737
148,756,164,738
148,640,100,737
20,646,100,739
20,530,36,737
20,537,164,739
148,548,164,737
20,681,100,739
20,627,36,27
20,637,36,26
148,531,164,26
148,488,164,26
20,453,100,26
20,417,36,25
20,260,36,26
148,501,164,738
148,266,164,737
20,409,100,738
20,427,36,737
20,376,36,738
148,457,164,737
148,469,100,738
20,486,100,737
20,497,36,738
20,513,164,737
148,523,164,738
148,537,100,737
20,547,36,738
20,626,36,737
20,571,164,738
148,713,164,737
20,593,100,738
20,605,36,738
20,741,36,738
148,754,164,737
148,762,164,738
20,645,100,737
20,524,36,738
20,535,164,738
148,542,164,738
148,681,100,737
20,653,100,27
20,664,36,27
20,615,164,27
148,509,164,27
20,469,100,26
20,435,100,26
20,274,36,25
20,501,164,25
148,256,164,737
148,402,100,738
20,418,100,738
20,371,36,737
20,385,164,737
148,465,164,737
148,477,100,737
20,492,100,737
20,505,36,737
20,519,164,737
148,531,164,737
148,544,100,737
20,554,100,737
20,630,36,737
20,642,164,738
148,717,164,737
148,599,100,738
20,610,100,737
20,747,36,738
20,758,164,738
148,512,164,738
20,650,100,737
20,658,36,738
20,540,36,738
148,547,164,738
148,556,100,738
20,625,100,27
20,639,36,27
20,529,36,27
148,489,164,26
148,451,164,26
20,417,100,26
20,387,100,25
20,502,36,737
20,265,36,737
148,282,164,737
148,426,100,738
20,442,100,738
20,393,36,737
20,408,36,738
148,485,164,737
148,499,164,738
20,511,100,738
20,525,36,738
20,538,36,737
20,549,164,737
148,561,164,737
148,572,100,737
20,583,100,737
20,658,36,738
20,669,164,737
148,743,164,738
148,625,100,737
20,634,100,738
20,516,36,738
20,525,164,738
148,535,164,738
148,543,100,738
20,680,100,738
20,652,36,28
20,662,36,27
148,551,164,27
148,508,164,27
20,469,100,26
20,434,100,26
20,273,36,26
20,500,164,25
148,256,164,737
20,402,100,738
20,419,100,738
20,371,36,737
20,386,164,738
148,465,164,738
148,479,100,738
20,493,100,737
20,506,36,738
20,519,36,737
148,531,164,738
148,543,164,737
20,556,100,737
20,567,36,737
20,643,36,737
20,654,164,737
148,727,164,738
20,610,100,738
20,620,36,738
20,759,36,738
20,512,164,738
148,522,164,737
148,657,100,738
20,667,100,737
20,611,36,738
20,621,36,737
148,751,164,28
148,573,164,27
20,528,100,27
20,487,36,26
20,386,36,26
20,353,164,25
148,258,164,25
148,503,100,737
20,394,100,738
20,283,36,737
20,363,36,737
148,315,164,737
148,457,164,737
20,472,100,737
20,485,36,738
20,499,36,737
20,512,164,738
148,526,164,737
148,537,100,738
20,550,100,738
20,625,36,738
20,636,36,738
148,712,164,738
148,723,164,738
20,605,100,738
20,615,36,738
20,752,36,738
148,763,164,738
148,516,100,738
20,654,100,737
20,662,36,738
20,543,36,738
148,550,164,738
148,522,164,28
20,597,100,27
20,550,100,27
20,506,36,27
20,404,36,26
148,304,164,26
148,272,164,25
20,371,100,25
20,385,100,737
20,275,36,737
20,355,164,738
148,306,164,738
148,450,100,738
20,465,100,737
20,415,36,738
20,493,36,737
148,506,164,737
148,518,100,737
20,531,100,737
20,544,36,738
20,620,36,737
148,567,164,737
148,706,164,738
20,588,100,737
20,600,36,738
20,738,36,737
20,749,164,738
148,758,164,738
148,640,100,738
20,648,100,738
20,530,36,738
20,540,164,738
148,548,164,738
148,684,100,738
20,621,100,27
20,635,36,27
20,527,36,27
148,486,164,27
148,449,164,26
20,416,100,26
20,385,36,26
20,504,36,738
148,267,164,737
148,284,164,738
148,428,100,737
20,443,100,738
20,393,36,738
20,407,164,738
148,486,164,737
148,499,100,738
20,513,100,737
20,525,36,738
20,538,164,738
148,549,164,738
148,562,100,737
20,573,100,738
20,649,36,737
20,658,164,738
148,733,164,738
148,614,100,738
20,626,100,737
20,763,36,738
20,517,36,738
148,525,164,738
148,535,164,738
20,670,100,738
20,680,36,738
20,519,36,28
148,724,164,27
148,547,164,27
20,505,100,27
20,465,100,26
20,368,36,26
20,271,36,26
148,499,164,25
148,257,100,738
20,404,100,738
20,355,36,738
20,372,36,737
148,450,164,738
148,465,164,737
20,478,100,738
20,493,36,737
20,505,36,738
148,520,164,737
148,531,164,738
20,545,100,737
20,554,36,738
20,631,36,738
148,705,164,738
148,718,164,738
20,599,100,738
20,611,100,737
20,747,36,738
20,758,164,738
148,767,164,738
148,650,100,738
20,657,100,738
20,540,36,738
20,609,164,739
148,556,164,738
148,619,100,28
20,571,100,27
20,525,36,27
20,485,36,26
20,319,164,26
148,287,164,26
20,384,100,25
20,376,100,737
20,266,36,738
20,284,36,737
148,298,164,738
148,315,164,738
20,457,100,738
20,473,100,737
20,485,36,738
20,500,164,737
148,511,164,739
148,526,100,737
20,537,100,738
20,615,36,737
20,625,36,738
148,573,164,737
148,710,100,738
20,595,100,738
20,668,36,738
20,744,36,738
148,752,164,738
148,764,164,738
20,643,100,739
20,654,36,738
20,533,36,738
20,608,164,738
148,550,164,739
148,519,100,28
20,591,100,27
20,610,36,27
20,503,36,27
148,466,164,26
148,301,164,26
148,398,100,26
20,368,100,25
20,258,36,737
20,275,164,738
148,292,164,737
148,307,164,738
20,451,100,737
20,464,36,738
20,480,36,737
148,492,164,738
148,507,164,737
20,519,100,738
20,532,100,737
20,543,36,738
20,621,164,737
148,567,164,738
148,708,100,737
20,589,100,738
20,665,36,737
20,737,36,738
148,749,164,738
148,757,164,738
20,641,100,737
20,648,36,739
20,531,36,738
148,537,164,739
148,548,164,738
20,683,100,739
20,619,36,27
20,631,36,27
20,524,164,27
148,481,164,26
20,447,100,26
20,412,100,25
20,256,36,26
20,505,164,737
148,268,164,737
148,411,100,738
20,429,100,737
20,379,36,738
20,395,36,737
148,472,164,738
148,487,164,738
20,498,100,738
20,514,100,737
20,525,36,738
20,539,164,737
148,550,164,738
148,563,100,737
20,572,100,738
20,650,36,736
20,658,36,738
20,735,164,737
148,743,164,738
20,626,100,738
20,634,36,738
20,518,36,737
20,525,164,738
148,536,164,738
20,670,100,738
20,681,36,738
20,514,36,28
20,656,164,27
148,544,164,27
148,503,100,26
20,463,100,26
20,430,36,26
20,268,36,26
148,497,164,25
148,258,164,738
148,405,100,737
20,420,100,738
20,373,36,737
20,386,164,738
148,467,164,737
148,479,100,738
20,494,100,737
20,505,36,738
20,520,36,737
148,531,164,738
148,546,164,737
20,555,100,738
20,569,36,737
20,641,36,738
20,655,164,737
148,727,164,739
148,612,100,737
20,620,100,738
20,761,36,737
20,767,164,738
148,523,164,737
148,657,100,739
20,670,100,737
20,611,36,739
20,622,36,738
148,742,164,27
148,567,164,27
20,520,100,26
20,483,36,26
20,380,36,25
20,285,164,25
148,508,164,25
148,378,100,737
20,395,100,738
20,414,36,736
20,364,36,738
20,318,164,737
148,458,164,738
20,474,100,737
20,486,36,738
20,502,36,737
20,513,164,738
148,528,164,737
148,538,100,738
20,551,100,737
20,626,36,738
20,639,36,737
148,712,164,738
148,725,164,738
20,605,100,738
20,617,36,737
20,754,36,738
20,766,164,737
148,517,164,738
148,656,100,737
20,662,100,738
20,609,36,738
20,616,164,738
148,515,164,28
148,717,164,27
20,544,100,27
20,500,36,26
20,398,36,26
20,363,164,26
148,269,164,25
148,495,164,25
20,389,100,737
20,405,36,738
20,358,36,737
148,309,164,737
148,453,164,737
148,467,100,737
20,481,100,737
20,494,36,738
20,508,164,737
148,521,164,737
148,534,164,737
20,546,100,738
20,558,36,737
20,632,36,738
20,708,164,737
148,719,164,738
148,602,100,737
20,612,100,738
20,750,36,737
20,759,164,738
148,514,164,738
148,523,100,738
20,660,100,738
20,668,36,738
20,613,36,738
148,557,164,738
148,742,164,27
20,565,100,27
20,521,100,27
20,480,36,26
20,380,36,26
148,283,164,25
148,509,164,25
20,379,100,737
20,397,36,737
20,286,36,737
20,365,164,737
148,317,164,738
148,460,100,737
20,474,100,737
20,488,36,737
20,501,36,737
148,514,164,738
148,527,164,737
20,540,100,737
20,552,100,737
20,627,36,737
20,639,36,737
148,713,164,738
148,724,100,737
20,607,100,737
20,617,36,737
20,755,36,738
20,765,164,738
148,517,164,738
20,655,100,738
20,664,100,738
20,609,36,738
20,617,36,738
148,513,164,28
148,716,164,28
20,542,100,27
20,500,36,27
20,398,36,26
20,363,36,26
148,268,164,26
148,494,164,25
20,388,100,737
20,405,100,737
20,358,36,737
20,374,36,737
148,453,164,738
148,467,100,738
20,481,100,737
20,495,36,737
20,509,36,737
20,521,164,737
148,534,164,737
148,545,100,738
20,557,100,737
20,633,36,737
20,645,36,738
148,719,164,737
148,730,164,737
20,611,100,738
20,622,36,738
20,760,36,737
20,514,164,738
148,523,164,738
20,660,100,738
20,668,36,738
20,613,36,738
20,557,164,738
148,742,164,28
148,564,100,27
20,520,100,27
20,415,36,27
20,380,164,26
148,283,164,25
148,508,100,25
20,379,100,737
20,269,36,738
20,286,164,738
148,302,164,738
148,445,100,738
20,461,100,737
20,474,36,738
20,488,36,738
148,500,164,738
148,515,164,737
20,527,100,737
20,540,36,737
20,615,36,737
20,564,164,738
148,574,164,738
20,586,100,737
20,596,36,738
20,671,36,737
20,745,164,738
148,754,164,738
148,636,100,738
20,646,100,738
20,527,36,738
20,537,36,738
148,544,164,738
148,553,100,738
20,638,100,27
20,652,36,27
20,541,36,26
148,499,164,26
148,461,164,26
20,426,100,26
20,394,36,26
20,494,36,25
20,261,164,737
148,278,164,737
148,422,100,737
20,438,100,737
20,389,36,738
20,404,36,737
148,481,164,737
148,495,164,738
20,508,100,737
20,521,36,738
20,533,36,738
148,547,164,738
148,558,164,737
20,570,100,738
20,580,100,738
20,655,36,738
20,666,164,738
148,741,164,737
148,623,100,738
20,633,100,738
20,514,36,738
20,523,36,738
148,532,164,738
148,541,100,737
20,678,100,738
20,622,36,28
20,739,36,28
148,562,164,27
148,518,100,27
20,479,100,26
20,443,36,26
20,282,36,25
20,507,164,25
148,508,164,737
20,398,100,738
20,415,100,737
20,366,36,737
20,382,36,737
148,460,164,738
148,475,100,737
20,488,100,738
20,502,36,737
20,515,36,738
148,529,164,737
148,539,100,738
20,552,100,737
20,627,36,738
20,640,36,737
148,714,164,738
148,726,164,738
20,606,100,738
20,617,36,737
20,755,36,738
148,766,164,737
148,518,164,738
20,656,100,738
20,663,36,738
20,609,36,738
20,616,164,739
148,766,164,27
148,713,164,27
20,540,100,27
20,496,36,26
20,396,36,26
20,360,164,26
148,266,164,25
148,492,100,25
20,390,100,737
20,405,36,738
20,359,36,737
148,309,164,738
148,454,164,737
148,467,100,738
20,482,100,737
20,494,36,738
20,508,164,737
148,520,164,738
148,535,164,737
20,545,100,738
20,558,100,738
20,632,36,738
20,644,164,738
148,718,164,738
148,730,100,738
20,611,100,738
20,623,36,738
20,758,36,738
148,514,164,738
148,522,164,738
20,660,100,737
20,667,100,738
20,613,36,738
20,619,164,28
148,739,164,28
148,561,100,27
20,518,100,27
20,477,36,26
20,378,36,26
20,280,164,26
148,507,164,25
148,379,100,738
20,398,100,737
20,414,36,738
20,367,36,737
148,317,164,738
148,461,164,737
20,474,100,738
20,489,100,737
20,501,36,738
20,516,36,737
148,526,164,738
148,541,164,737
20,551,100,738
20,565,36,737
20,638,36,738
20,650,164,738
148,723,164,738
148,608,100,738
20,616,100,738
20,756,36,738
20,764,36,738
148,518,164,738
148,525,100,739
20,665,100,738
20,608,36,738
20,618,36,738
148,762,164,27
148,712,164,27
20,536,100,27
20,496,100,26
20,394,36,26
20,360,36,26
148,264,164,25
148,492,164,25
20,388,100,738
20,407,100,737
20,358,36,738
20,376,36,737
148,453,164,738
148,468,164,737
20,480,100,738
20,496,36,737
20,508,36,738
20,523,164,737
148,533,164,738
148,546,100,737
20,557,100,738
20,634,36,737
20,644,36,738
148,720,164,738
148,729,164,738
20,613,100,738
20,621,36,738
20,761,36,737
20,513,164,738
148,525,164,738
20,658,100,739
20,669,36,737
20,611,36,739
20,538,164,28
148,736,164,27
148,561,100,27
20,515,100,27
20,413,36,27
20,375,36,26
148,280,164,26
148,505,164,26
20,381,100,737
20,397,36,738
20,287,36,737
20,302,164,738
148,319,164,737
148,460,100,738
20,476,100,737
20,487,36,738
20,503,36,737
148,514,164,738
148,529,164,737
20,539,100,738
20,554,100,737
20,626,36,738
20,640,164,737
148,713,164,738
148,726,164,737
20,606,100,738
20,618,36,737
20,753,36,738
20,766,164,738
148,517,164,738
148,657,100,737
20,663,100,739
20,611,36,738
20,615,164,739
148,763,164,27
148,709,100,27
20,538,100,27
20,494,36,26
20,395,36,26
20,358,164,26
148,264,164,26
148,363,100,25
20,391,100,737
20,407,36,738
20,360,36,737
20,310,164,738
148,454,164,737
20,467,100,738
20,483,100,737
20,495,36,738
20,510,36,737
148,521,164,738
148,536,164,737
20,546,100,738
20,560,100,737
20,633,36,738
20,647,36,737
148,718,164,739
148,731,164,737
20,611,100,739
20,625,36,737
20,760,36,739
20,516,164,737
148,521,164,739
148,661,100,738
20,668,100,739
20,615,36,737
20,533,36,27
148,736,164,28
148,557,164,27
20,516,100,27
20,474,100,26
20,377,36,26
20,278,36,26
148,505,164,25
148,508,164,738
20,400,100,737
20,415,100,737
20,368,36,737
20,382,36,738
148,462,164,737
148,475,164,738
20,490,100,737
20,502,36,738
20,518,36,737
20,528,164,738
148,542,164,737
148,552,100,738
20,566,100,737
20,640,36,737
20,652,36,737
148,725,164,738
148,737,100,738
20,617,100,738
20,629,36,738
20,766,36,738
20,520,164,737
148,528,164,738
20,666,100,738
20,673,36,738
20,619,36,737
20,761,164,28
148,711,164,27
148,536,100,27
20,494,100,27
20,392,36,27
20,359,36,26
148,263,164,26
148,491,164,25
20,391,100,737
20,408,36,737
20,359,36,737
20,376,164,737
148,455,164,738
148,470,100,737
20,483,100,737
20,497,36,738
20,509,36,738
148,523,164,737
148,535,100,738
20,548,100,737
20,559,36,737
20,634,36,738
148,709,164,738
148,721,164,738
20,603,100,737
20,614,36,738
20,751,36,738
20,761,164,738
148,514,164,738
148,652,100,738
20,661,100,738
20,542,36,738
20,614,164,738
148,533,164,28
148,606,100,27
20,558,100,27
20,515,36,27
20,411,36,26
148,311,164,26
148,278,164,25
20,376,100,25
20,382,36,737
20,272,36,737
20,352,164,737
148,304,164,738
148,447,100,738
20,462,100,738
20,412,36,738
20,490,36,737
148,504,164,737
148,517,164,737
20,529,100,738
20,542,36,737
20,618,36,737
20,630,164,737
148,705,164,737
148,587,100,737
20,597,100,738
20,736,36,738
20,747,164,738
148,757,164,738
148,766,100,738
20,647,100,738
20,528,36,738
20,538,36,738
148,546,164,738
148,555,100,738
20,632,100,27
20,581,36,27
20,534,36,27
148,494,164,27
148,456,164,26
20,422,100,27
20,391,100,25
20,490,36,26
20,263,164,737
148,280,164,737
148,425,100,737
20,441,100,737
20,391,36,737
20,406,36,738
148,483,164,738
148,497,100,737
20,510,100,738
20,524,36,737
20,536,36,737
148,548,164,737
148,559,100,738
20,571,100,737
20,646,36,738
20,657,36,737
148,731,164,738
148,742,100,737
20,623,100,738
20,762,36,737
20,515,36,738
148,525,164,738
148,533,164,738
20,670,100,738
20,677,36,738
20,532,36,27
20,732,164,27
148,556,164,26
148,513,100,26
20,473,100,26
20,373,36,26
20,278,36,25
148,503,164,25
148,511,164,737
20,400,100,737
20,416,100,737
20,368,36,737
20,384,164,737
148,462,164,737
148,477,164,737
20,489,100,737
20,503,36,738
20,516,36,738
148,530,164,738
148,542,164,738
20,554,100,737
20,565,36,738
20,640,36,738
20,715,164,738
148,727,164,738
148,609,100,737
20,619,100,737
20,756,36,738
20,766,36,738
148,519,164,738
148,529,164,737
20,666,100,738
20,675,36,738
20,618,36,738
148,757,164,27
148,706,164,27
148,533,100,27
20,492,100,27
20,391,36,26
20,356,36,26
148,262,164,25
148,489,164,25
20,392,100,737
20,409,100,737
20,361,36,737
20,376,164,738
148,455,164,737
148,470,100,738
20,484,100,737
20,498,36,737
20,510,36,737
148,523,164,738
148,535,100,738
20,548,100,738
20,560,36,737
20,635,36,738
20,711,164,737
148,720,164,738
20,604,100,738
20,614,36,738
20,753,36,738
20,762,164,738
148,515,164,738
148,651,100,738
20,661,100,738
20,542,36,738
20,615,36,738
148,529,164,27
148,731,164,27
20,553,100,27
20,511,36,27
20,407,36,26
148,309,164,25
148,276,164,26
148,375,100,25
20,382,100,738
20,273,36,737
20,353,164,738
148,306,164,737
148,448,100,738
20,463,100,737
20,476,36,738
20,491,36,737
148,503,164,738
148,518,164,737
20,529,100,738
20,542,100,738
20,617,36,738
20,630,164,738
148,704,164,738
148,717,100,738
20,598,100,738
20,737,36,738
20,745,36,738
148,757,164,738
148,766,100,738
20,649,100,738
20,528,36,738
20,538,36,738
148,544,164,739
148,555,100,738
20,627,100,27
20,578,36,27
20,531,36,27
20,491,164,27
148,452,164,26
20,420,100,26
20,388,100,26
20,489,36,737
20,263,36,738
148,281,164,737
148,296,100,738
20,441,100,738
20,455,36,738
20,406,36,738
20,483,164,738
148,497,164,738
20,509,100,738
20,524,100,737
20,535,36,738
20,612,36,737
148,559,164,738
148,571,100,737
20,580,100,738
20,657,36,737
20,666,36,738
20,742,164,738
148,751,164,738
148,634,100,738
20,641,36,738
20,525,36,738
20,532,164,738
148,543,164,738
148,677,100,739
20,656,100,28
20,664,36,27
20,619,164,27
148,510,164,26
148,472,164,26
20,435,100,25
20,404,36,26
20,501,36,25
148,256,164,737
148,272,164,738
148,418,100,737
20,432,100,738
20,384,36,738
20,398,164,738
148,478,164,738
148,490,100,738
20,505,100,737
20,516,36,738
20,530,36,738
148,541,164,738
148,555,100,737
20,564,100,738
20,578,36,737
20,651,36,738
148,726,164,737
148,735,100,738
20,620,100,737
20,628,36,738
20,767,36,738
148,518,164,739
148,529,164,738
20,664,100,739
20,675,36,738
20,618,36,739
20,756,164,27
148,574,164,27
20,531,100,27
20,488,36,26
20,390,36,26
20,354,164,25
148,261,164,26
148,359,100,738
20,393,100,737
20,280,36,738
20,362,36,737
148,312,164,738
148,457,164,737
20,469,100,738
20,484,36,738
20,496,36,738
20,512,164,737
148,523,164,738
148,537,100,737
20,547,100,738
20,625,36,738
20,634,164,738
148,712,164,737
148,720,164,738
20,605,100,737
20,740,36,738
20,752,36,737
148,760,164,739
148,517,164,737
20,651,100,738
20,662,36,737
20,540,36,739
148,551,164,738
148,525,164,28
20,601,100,27
20,551,100,27
20,510,36,26
20,405,164,26
148,307,164,26
20,402,100,26
20,374,100,25
20,511,36,738
20,274,36,737
148,289,164,738
148,306,164,737
20,448,100,738
20,464,36,737
20,413,36,738
20,492,164,737
148,503,164,738
148,518,100,738
20,529,100,738
20,608,36,737
20,617,36,738
148,567,164,738
148,575,100,738
20,589,100,737
20,661,36,738
20,739,36,737
148,746,164,739
148,758,164,737
20,637,100,739
20,649,36,737
20,528,36,739
148,539,164,737
148,545,164,739
20,684,100,738
20,623,36,27
20,639,36,27
20,528,164,27
148,489,164,26
148,450,100,26
20,419,100,25
20,258,36,26
20,503,36,737
148,264,164,738
148,283,164,737
20,425,100,738
20,443,36,737
20,391,36,738
20,408,164,737
148,484,164,738
148,499,100,737
20,510,100,738
20,525,36,737
20,535,36,739
148,550,164,737
148,559,164,738
20,573,100,737
20,582,36,738
20,659,36,737
148,731,164,739
148,744,164,737
20,623,100,738
20,636,100,737
20,515,36,738
20,526,164,737
148,532,164,738
148,672,100,737
20,678,100,738
20,526,36,28
20,661,36,27
148,552,164,27
148,506,164,26
20,470,100,26
20,433,100,25
20,275,36,26
20,500,164,25
148,257,164,737
148,401,100,738
20,420,100,737
20,434,36,737
20,386,36,737
20,464,164,738
148,479,164,737
20,491,100,738
20,506,36,737
20,518,36,738
20,532,164,738
148,543,164,738
148,555,100,738
20,566,100,738
20,643,36,737
20,653,36,737
148,729,164,737
148,737,164,738
20,620,100,737
20,757,36,738
20,512,36,737
148,521,164,738
148,531,164,737
20,667,100,738
20,675,36,738
20,619,36,738
148,753,164,28
148,574,164,27
20,530,100,26
20,488,100,26
20,387,36,26
20,353,164,26
148,260,164,26
148,503,164,737
20,394,100,737
20,410,36,737
20,363,36,737
20,314,164,737
148,458,164,737
148,472,100,737
20,486,100,738
20,499,36,737
20,512,36,738
148,525,164,737
148,538,164,737
20,549,100,737
20,561,100,737
20,636,36,738
20,647,164,738
148,722,164,738
148,734,164,738
20,615,100,738
20,625,36,738
20,763,36,738
20,516,164,738
148,526,164,738
148,662,100,738
20,671,100,737
20,680,36,738
20,524,36,28
148,726,164,27
148,551,164,27
20,508,100,26
20,469,100,26
20,370,36,25
20,273,36,25
148,500,164,25
148,257,164,737
20,402,100,737
20,419,100,737
20,370,36,737
20,385,36,737
148,463,164,737
148,479,100,737
20,492,100,737
20,505,36,737
20,518,36,737
148,531,164,737
148,542,164,738
20,555,100,737
20,567,36,738
20,642,36,738
20,653,164,738
148,727,164,738
20,609,100,738
20,621,100,738
20,758,36,738
20,512,36,737
148,521,164,738
148,658,100,738
20,666,100,738
20,612,36,737
20,620,164,738
148,754,164,28
148,575,100,27
20,529,100,27
20,488,36,26
20,387,36,26
148,289,164,26
148,259,164,25
20,373,100,737
20,393,36,738
20,282,36,738
20,363,164,737
148,314,164,737
148,457,100,737
20,471,100,738
20,485,36,737
20,498,36,738
148,512,164,737
148,524,164,738
20,537,100,737
20,548,36,738
20,624,36,738
20,572,164,738
148,712,164,738
148,594,100,738
20,605,100,738
20,742,36,738
20,752,164,738
148,762,164,738
148,645,100,738
20,653,100,738
20,535,36,738
20,542,164,738
148,551,164,738
148,653,100,28
20,600,100,27
20,616,36,27
20,509,36,27
148,469,164,26
148,306,164,26
20,401,100,25
20,373,100,25
20,511,36,738
20,273,164,737
148,289,164,738
148,433,100,738
20,449,100,738
20,400,36,737
20,413,36,738
148,492,164,737
148,504,100,738
20,517,100,738
20,530,36,738
20,543,36,738
148,554,164,738
148,567,164,737
20,577,100,738
20,588,36,738
20,663,36,738
20,738,164,738
148,748,164,737
148,630,100,737
20,639,100,738
20,520,36,738
20,530,164,738
148,539,164,737
148,547,100,737
20,684,100,738
20,754,36,28
20,640,36,27
148,531,164,27
148,490,164,26
20,453,100,26
20,419,100,25
20,259,36,26
20,501,164,738
148,265,164,737
148,282,100,737
20,426,100,737
20,441,36,738
20,392,36,737
148,470,164,738
148,485,164,738
20,498,100,737
20,511,36,737
20,524,36,737
148,536,164,738
148,548,164,737
20,561,100,737
20,572,100,737
20,647,36,738
20,657,164,737
148,731,164,738
20,614,100,738
20,624,100,738
20,763,36,738
20,515,164,738
148,525,164,738
148,660,100,738
20,671,100,738
20,615,36,738
20,529,36,27
148,729,164,27
148,554,164,27
20,509,100,27
20,471,36,26
20,371,36,26
20,275,164,26
148,502,164,25
148,383,100,737
20,400,100,738
20,353,36,737
20,368,36,738
148,449,164,737
148,462,164,738
20,477,100,737
20,490,36,738
20,504,36,737
148,516,164,738
148,531,164,737
148,541,100,738
20,554,100,737
20,628,36,738
20,642,164,737
148,715,164,738
148,727,100,737
20,608,100,738
20,747,36,738
20,755,164,738
148,767,164,738
148,519,100,738
20,658,100,738
20,664,36,739
20,610,36,738
148,553,164,739
148,757,164,27
20,577,100,27
20,533,100,26
20,490,36,27
20,390,164,26
148,291,164,26
148,261,164,26
20,360,100,737
20,392,36,737
20,280,36,738
20,297,164,738
148,311,164,738
20,456,100,737
20,469,100,738
20,484,36,738
20,496,164,738
148,510,164,738
20,522,100,738
20,536,100,737
20,611,36,738
20,624,36,737
148,570,164,738
148,582,100,738
20,592,100,738
20,668,36,737
20,740,36,738
148,752,164,737
148,760,164,738
20,643,100,738
20,523,36,738
20,534,36,737
148,541,164,738
148,551,164,738
20,656,100,28
20,603,36,27
20,617,36,27
20,512,164,26
148,471,164,26
148,437,100,26
20,403,100,25
20,502,36,26
20,510,36,738
148,273,164,737
148,288,164,738
20,433,100,737
20,446,36,738
20,398,36,738
20,475,164,738
148,491,164,738
148,503,100,738
20,518,100,737
20,528,36,738
20,542,36,738
148,552,164,738
148,566,164,738
20,575,100,739
20,588,36,738
20,660,36,738
20,737,164,738
148,745,164,738
20,629,100,738
20,637,100,738
20,520,36,737
20,526,164,739
148,537,164,738
148,672,100,739
20,683,100,738
20,756,36,27
20,643,36,27
148,531,164,27
148,491,164,26
20,454,100,26
20,421,100,25
20,261,36,26
20,490,36,25
148,262,164,738
148,280,100,737
20,423,100,738
20,440,36,737
20,390,36,738
20,406,164,737
148,481,164,738
20,497,100,737
20,509,100,738
20,524,36,737
20,534,164,738
148,548,164,737
148,557,100,739
20,571,100,738
20,644,36,738
20,657,36,738
148,730,164,738
148,742,164,738
20,621,100,739
20,762,36,738
20,513,36,738
148,525,164,737
148,531,164,739
20,671,100,738
20,612,36,739
20,532,36,28
148,732,164,27
148,557,164,27
148,512,100,26
20,474,100,26
20,372,36,26
20,278,36,25
148,503,164,25
148,510,164,737
148,399,100,738
20,416,100,738
20,367,36,738
20,384,36,737
148,461,164,738
148,477,164,737
20,489,100,738
20,504,36,737
20,515,36,738
148,530,164,737
148,540,164,738
148,555,100,737
20,564,100,738
20,640,36,737
20,649,164,739
148,726,164,737
148,607,100,738
20,619,100,737
20,755,36,738
20,767,36,738
148,517,164,738
148,529,164,737
20,664,100,738
20,675,36,737
20,617,36,739
148,760,164,27
148,706,164,27
20,536,100,27
20,492,100,27
20,393,36,26
20,357,164,26
148,263,164,26
148,361,100,25
20,391,100,737
20,279,36,738
20,361,36,737
148,310,164,738
148,455,164,738
20,468,100,738
20,484,36,737
20,495,36,738
20,511,164,737
148,521,164,738
148,536,100,738
20,545,100,738
20,624,36,737
20,633,36,738
148,711,164,737
148,719,100,738
20,604,100,737
20,739,36,739
20,753,36,737
148,760,164,739
148,516,164,737
20,650,100,739
20,661,36,738
20,539,36,739
20,552,164,738
148,532,164,27
148,607,100,27
20,556,100,26
20,514,36,27
20,409,164,25
148,312,164,26
148,277,100,25
20,377,100,26
20,380,36,738
20,272,36,737
148,286,164,738
148,305,164,737
20,446,100,738
20,462,100,737
20,410,36,738
20,490,164,738
148,501,164,738
148,517,100,737
20,528,100,738
20,543,36,737
20,616,36,738
148,565,164,738
148,575,100,738
20,588,100,737
20,597,36,738
20,738,36,737
148,745,164,738
148,757,100,737
20,637,100,738
20,649,36,737
20,528,36,738
148,539,164,737
148,545,100,738
20,682,100,738
20,761,36,27
20,647,36,27
148,536,164,27
148,495,164,26
20,456,100,26
20,423,36,25
20,263,36,25
148,492,164,25
148,262,164,737
20,408,100,737
20,423,36,737
20,375,36,737
20,454,164,737
148,469,164,736
148,483,100,737
20,497,100,737
20,509,36,737
20,522,164,737
148,535,164,737
148,548,100,737
20,559,100,738
20,635,36,737
20,645,36,738
148,721,164,738
148,603,100,738
20,614,100,737
20,751,36,738
20,762,36,737
148,514,164,738
148,524,100,738
20,661,100,738
20,670,36,738
20,614,36,738
20,536,164,28
148,735,164,27
20,559,100,27
20,515,100,27
20,412,36,26
20,376,36,26
148,279,164,25
148,377,100,25
20,381,100,737
20,271,36,737
20,352,36,737
148,303,164,737
148,318,164,737
20,461,100,738
20,476,100,737
20,490,36,737
20,503,36,737
148,516,164,737
148,528,100,738
20,541,100,737
20,617,36,737
20,629,36,737
20,704,164,738
148,715,164,737
20,597,100,738
20,607,100,738
20,746,36,738
20,757,164,738
148,766,164,738
148,519,100,738
20,656,100,738
20,537,36,738
20,610,36,738
148,555,164,738
148,763,164,28
148,584,100,27
20,537,100,27
20,495,36,27
20,394,164,26
148,296,164,26
148,264,164,26
20,364,100,25
20,389,100,737
20,278,36,737
20,359,164,738
148,311,164,737
148,454,164,737
20,468,100,738
20,482,36,738
20,496,36,738
20,509,164,737
148,523,164,737
148,535,100,738
20,547,100,737
20,622,36,738
20,634,36,737
148,709,164,737
148,720,164,737
20,603,100,738
20,613,36,737
20,750,36,738
148,760,164,738
148,514,164,738
20,652,100,738
20,661,100,738
20,542,36,738
20,613,164,738
148,538,164,28
148,738,100,27
20,561,100,27
20,517,36,26
20,413,36,27
20,313,164,26
148,280,164,26
148,379,100,25
20,381,100,737
20,270,36,738
20,287,36,737
148,302,164,738
148,318,164,738
20,461,100,738
20,475,100,737
20,489,36,738
20,502,164,738
148,514,164,738
148,529,100,737
20,540,100,738
20,617,36,737
20,628,36,738
148,704,164,737
148,713,100,738
20,597,100,737
20,607,36,738
20,746,36,737
20,755,164,738
148,765,164,738
20,646,100,738
20,656,36,738
20,536,36,738
20,610,164,738
148,553,164,738
20,637,100,28
20,584,36,27
20,539,36,26
20,497,164,26
148,460,164,26
148,425,100,26
20,393,100,25
20,492,36,25
20,262,36,737
148,279,164,737
148,295,164,737
20,438,100,737
20,454,36,737
20,403,36,737
148,482,164,737
148,496,164,737
20,509,100,737
20,522,36,737
20,534,36,738
148,546,164,738
148,558,164,737
20,570,100,737
20,581,100,738
20,656,36,737
20,730,164,738
148,740,164,738
20,623,100,738
20,633,36,738
20,515,36,738
20,523,164,738
148,532,164,738
20,669,100,738
20,678,100,738
20,539,36,28
20,738,36,27
148,561,164,27
148,516,164,27
20,477,100,26
20,441,36,26
20,280,36,26
20,507,164,25
148,508,164,738
20,398,100,737
20,414,36,738
20,367,36,737
148,318,164,737
148,461,164,737
20,474,100,738
20,488,36,737
20,501,36,738
20,516,164,737
148,527,164,738
20,541,100,737
20,551,36,738
20,627,36,738
148,574,164,738
148,715,164,737
20,596,100,738
20,608,100,737
20,744,36,738
148,755,164,737
148,764,164,738
20,647,100,737
20,655,36,738
20,537,36,738
148,543,164,738
148,554,164,738
20,636,100,28
20,586,36,27
20,539,36,27
20,497,164,26
148,458,164,26
20,425,100,25
20,393,36,26
20,493,36,24
20,261,164,738
148,279,164,737
148,421,100,738
20,438,100,737
20,388,36,738
20,404,36,737
148,481,164,738
148,495,100,737
20,507,100,738
20,521,36,737
20,533,36,738
148,546,164,737
148,557,164,738
20,570,100,738
20,579,36,738
20,655,36,738
148,728,164,738
148,741,164,738
20,621,100,738
20,633,36,737
20,512,36,738
148,523,164,738
148,531,164,738
20,669,100,737
20,676,36,739
20,622,36,28
148,737,164,27
148,562,164,28
20,517,100,27
20,479,100,26
20,377,36,26
20,281,164,25
148,506,164,26
148,379,100,737
20,396,100,738
20,287,36,737
20,365,36,738
148,318,164,737
148,458,100,738
20,475,100,737
20,487,36,738
20,502,36,737
148,514,164,738
148,527,164,737
20,538,100,738
20,552,36,738
20,626,36,738
20,639,164,737
148,712,164,738
148,724,100,738
20,605,100,739
20,745,36,738
20,754,36,738
148,766,164,738
148,517,164,738
20,655,100,738
20,662,36,739
20,609,36,737
148,551,164,739
148,512,164,27
20,586,100,27
20,541,100,27
20,497,36,26
20,397,164,26
148,297,164,26
148,267,100,25
20,365,100,25
20,260,36,738
20,276,36,738
148,294,164,738
148,309,164,738
20,453,100,737
20,466,36,738
20,481,36,737
148,493,164,738
148,508,164,737
20,519,100,738
20,534,100,737
20,608,36,738
20,557,164,738
148,567,164,738
20,581,100,738
20,589,100,738
20,666,36,737
20,738,164,738
148,750,164,737
148,629,100,739
20,642,100,737
20,521,36,739
20,532,36,737
148,538,164,738
148,549,100,738
20,683,100,739
20,614,36,27
20,628,36,27
20,521,164,26
148,479,164,26
148,444,100,26
20,410,100,26
20,509,36,25
20,506,36,738
148,270,164,737
148,284,164,738
20,430,100,737
20,443,36,738
20,396,36,737
20,408,164,738
148,488,164,737
148,499,100,738
20,514,100,737
20,525,36,738
20,540,36,737
148,550,164,738
148,564,164,737
20,572,100,738
20,586,36,737
20,658,36,738
148,735,164,737
148,743,164,738
20,628,100,737
20,634,36,738
20,518,36,738
148,525,164,738
148,537,164,737
20,671,100,738
20,682,100,737
20,767,36,28
20,653,164,27
148,541,164,27
148,500,100,27
20,461,100,26
20,428,36,25
20,266,36,25
148,495,164,25
148,258,164,738
20,406,100,737
20,420,100,738
20,374,36,737
20,386,164,738
148,467,164,737
148,479,100,738
20,495,100,737
20,506,36,738
20,521,36,737
148,531,164,738
148,545,100,737
20,556,100,738
20,569,36,737
20,642,36,738
20,719,164,737
148,727,164,738
20,612,100,737
20,620,36,738
20,761,36,737
148,767,164,738
148,523,164,738
20,657,100,738
20,669,36,738
20,611,36,739
20,558,164,738
148,742,164,27
148,567,100,27
20,519,100,27
20,482,36,27
20,380,164,26
148,285,164,26
148,381,100,25
20,379,100,737
20,267,36,738
20,285,164,737
148,300,164,738
148,317,100,737
20,458,100,738
20,474,36,737
20,485,36,738
148,501,164,737
148,512,164,738
20,528,100,737
20,538,100,738
20,616,36,737
20,560,164,738
148,575,164,737
20,584,100,738
20,597,100,737
20,669,36,738
20,745,164,737
148,752,164,738
148,637,100,738
20,644,100,738
20,528,36,737
20,534,164,738
148,545,164,738
148,679,100,739
20,644,100,27
20,654,36,26
20,610,164,27
148,501,164,26
148,465,100,26
20,428,100,26
20,270,36,26
20,495,36,25
20,260,164,737
148,276,164,737
148,421,100,737
20,435,100,737
20,387,36,738
20,401,164,737
148,480,164,738
148,493,100,738
20,507,100,737
20,519,36,738
20,533,164,737
148,544,164,737
148,557,164,737
20,568,100,738
20,579,36,737
20,654,36,738
20,730,164,737
148,739,164,738
148,622,100,737
20,631,100,738
20,513,36,738
20,521,164,738
148,532,164,737
148,668,100,738
20,677,100,737
20,621,36,738
20,746,164,28
148,568,164,27
148,524,100,26
20,483,100,26
20,447,36,26
20,285,36,25
148,511,164,26
148,505,164,738
20,396,100,737
20,413,36,737
20,365,36,737
20,380,164,737
148,459,164,737
20,472,100,737
20,487,100,737
20,500,36,737
20,514,36,737
148,526,164,737
148,538,100,738
20,550,100,738
20,626,36,737
20,637,36,738
148,713,164,738
148,723,164,738
20,605,100,738
20,744,36,738
20,754,36,738
148,764,164,737
148,518,164,738
20,654,100,738
20,663,36,738
20,608,36,737
20,552,164,738
148,519,164,28
148,593,100,27
20,546,100,26
20,503,36,26
20,401,164,26
148,302,164,26
148,270,100,25
20,369,100,25
20,386,36,738
20,275,36,737
148,292,164,737
148,308,164,737
20,451,100,737
20,465,36,737
20,415,36,737
20,493,164,737
148,506,164,737
20,519,100,737
20,532,100,737
20,608,36,738
20,620,164,738
148,567,164,738
20,579,100,738
20,590,100,738
20,665,36,738
20,739,164,738
148,749,164,738
148,630,100,738
20,641,100,738
20,522,36,737
20,531,164,737
148,540,164,738
148,676,100,738
20,684,100,738
20,749,36,28
20,634,36,27
148,526,164,27
148,484,164,27
20,448,100,27
20,414,36,26
20,256,36,25
20,504,164,737
148,267,164,737
148,283,100,737
20,427,100,738
20,443,36,738
20,394,36,737
20,472,164,737
148,486,164,737
148,499,100,737
20,513,100,737
20,525,36,737
20,539,164,737
148,550,164,738
148,562,100,737
20,573,100,738
20,648,36,738
20,658,36,738
148,733,164,737
148,743,164,738
20,626,100,738
20,635,36,738
20,516,36,738
20,525,164,738
148,535,164,738
20,671,100,738
20,680,100,738
20,520,36,27
20,659,164,27
148,547,164,26
148,505,100,26
20,466,100,26
20,368,36,26
20,271,36,26
148,498,164,26
148,257,164,737
20,403,100,737
20,419,36,737
20,371,36,737
20,386,164,738
148,464,164,738
148,478,100,738
20,493,100,738
20,506,36,738
20,520,36,737
148,531,164,738
148,544,100,738
20,555,100,738
20,632,36,737
20,643,36,738
148,718,164,737
148,727,100,738
20,610,100,737
20,748,36,738
20,758,36,738
148,512,164,737
148,522,164,738
20,657,100,737
20,538,36,738
20,611,36,738
148,557,164,738
148,750,100,28
20,572,100,27
20,527,36,27
20,486,36,26
148,449,164,26
148,288,164,25
20,386,100,26
20,376,100,737
20,266,36,738
20,283,164,737
148,299,164,737
148,315,164,737
20,458,100,737
20,472,36,737
20,485,36,738
148,498,164,737
148,512,164,737
20,525,100,738
20,538,100,738
20,613,36,737
20,625,164,738
148,572,164,738
148,583,100,738
20,595,100,738
20,669,36,738
20,743,36,738
148,752,164,738
148,635,100,738
20,644,100,738
20,526,36,738
20,534,36,738
148,543,164,738
148,678,100,739
20,651,100,28
20,661,36,27
20,615,36,27
148,507,164,27
148,469,164,26
20,432,100,26
20,401,36,26
20,499,36,25
20,257,164,737
148,273,164,738
20,418,100,737
20,433,36,738
20,385,36,737
148,464,164,738
148,478,164,737
20,491,100,738
20,505,36,737
20,517,36,738
148,531,164,737
148,542,164,738
20,556,100,738
20,566,36,738
20,642,36,738
148,715,164,738
148,728,164,738
20,609,100,738
20,620,36,737
20,756,36,738
148,512,164,738
148,647,100,738
20,658,100,738
20,537,36,738
20,612,164,738
148,554,164,738
20,625,100,28
20,573,36,27
20,530,36,27
148,487,164,26
148,452,164,25
20,417,100,26
20,387,36,25
20,501,164,738
148,265,164,738
148,409,100,738
20,427,100,737
20,377,36,738
20,392,36,737
148,469,164,738
148,485,100,737
20,497,100,738
20,512,36,737
20,523,164,738
148,536,164,737
20,547,100,738
20,560,36,737
20,635,36,738
148,711,164,737
148,720,164,738
20,604,100,738
20,741,36,738
20,753,36,738
148,761,164,738
148,517,164,737
20,651,100,739
20,662,36,738
20,540,36,738
148,552,164,737
148,524,164,27
20,601,100,28
20,551,100,27
20,509,36,27
20,404,36,26
148,307,164,26
148,273,164,25
148,373,100,25
20,383,100,738
20,273,36,738
20,352,36,738
148,306,164,737
148,319,164,738
148,464,100,737
20,476,100,738
20,491,36,738
20,503,164,738
148,518,164,737
148,529,164,738
20,543,100,737
20,553,36,738
20,630,36,738
20,575,164,738
148,716,164,738
148,597,100,738
20,610,100,737
20,745,36,738
20,757,164,738
148,765,164,738
148,521,164,737
20,656,100,739
20,667,36,737
20,608,36,739
148,555,164,738
148,753,164,27
20,577,100,28
20,530,36,26
20,491,36,26
20,388,164,26
148,291,164,25
148,387,100,25
20,373,100,737
20,263,36,738
20,282,36,737
148,296,164,738
148,314,164,737
20,454,100,738
20,471,100,737
20,483,36,738
20,499,164,737
148,509,164,738
148,524,100,737
20,535,100,738
20,613,36,737
20,623,36,739
148,572,164,737
148,708,100,738
20,593,100,738
20,666,36,738
20,743,36,738
148,751,164,738
148,763,164,738
20,641,100,739
20,653,36,738
20,532,36,738
20,608,164,738
148,549,164,739
148,656,100,27
20,599,100,27
20,618,36,27
20,509,164,27
148,472,164,26
148,307,100,26
20,404,100,26
20,501,36,26
20,511,36,737
148,272,164,738
148,290,164,737
20,432,100,738
20,449,36,737
20,397,36,738
20,477,164,737
148,490,164,738
148,505,100,737
20,516,100,738
20,530,36,738
20,541,36,738
148,555,164,738
148,564,100,738
20,578,100,738
20,586,36,738
20,663,36,737
148,735,164,739
148,747,164,737
20,628,100,738
20,640,100,737
20,518,36,738
20,530,164,737
148,535,164,739
148,675,100,738
20,681,100,739
20,758,36,28
20,640,36,27
148,533,164,27
148,489,164,26
20,454,100,26
20,419,100,26
20,262,36,25
20,488,164,738
148,264,164,737
148,279,100,738
20,426,100,737
20,439,36,738
20,392,36,737
148,469,164,738
148,484,164,737
20,495,100,738
20,511,36,737
20,522,36,738
20,537,164,737
148,547,164,738
148,560,100,737
20,569,100,739
20,583,36,737
20,656,36,738
148,733,164,737
148,740,164,738
20,625,100,737
20,631,36,739
20,516,36,737
20,523,164,738
148,535,164,737
148,668,100,739
20,679,100,738
20,529,36,27
20,669,164,28
148,555,164,27
148,513,164,27
20,472,100,26
20,438,36,26
20,276,36,25
20,504,164,25
148,509,164,738
148,273,164,737
20,415,100,738
20,433,36,737
20,382,36,738
148,463,164,737
148,476,164,738
148,491,100,737
20,503,100,738
20,517,36,737
20,528,164,738
148,543,164,737
148,553,100,738
20,566,100,738
20,576,36,738
20,652,36,738
148,726,164,738
148,738,164,738
20,618,100,737
20,630,36,738
20,766,36,738
20,520,164,737
148,528,164,738
148,666,100,737
20,674,100,738
20,683,36,737
20,759,36,27
148,708,164,28
148,534,164,27
20,493,100,27
20,456,100,26
20,357,36,26
20,262,164,25
148,489,164,25
148,391,100,737
20,408,100,737
20,360,36,737
20,376,36,738
148,454,164,738
148,469,164,737
20,483,100,738
20,497,100,737
20,510,36,738
20,524,164,737
148,535,164,738
148,548,100,738
20,559,100,738
20,636,36,737
20,646,36,737
148,721,164,737
148,731,164,738
20,613,100,738
20,623,36,737
20,762,36,737
20,515,164,738
148,525,164,738
148,661,100,738
20,670,100,738
20,614,36,738
20,533,36,28
148,734,164,27
148,557,164,27
20,513,100,27
20,474,36,26
20,375,36,26
20,278,164,26
148,505,164,26
148,382,100,737
20,399,100,737
20,287,36,738
20,368,164,738
148,319,164,737
148,462,164,738
20,476,100,738
20,490,36,737
20,502,36,737
148,517,164,737
148,529,164,737
20,542,100,737
20,553,36,737
20,629,36,737
20,639,164,737
148,716,164,737
148,598,100,737
20,609,100,737
20,746,36,738
20,756,36,738
148,765,164,738
148,520,100,738
20,656,100,738
20,666,36,738
20,610,36,738
148,554,164,739
148,761,164,27
20,583,100,27
20,537,100,26
20,495,36,26
20,393,164,26
148,295,164,26
148,263,100,26
20,363,100,25
20,390,36,737
20,280,36,737
20,295,164,737
148,311,164,737
148,454,100,738
20,469,100,737
20,482,36,737
20,496,36,737
148,509,164,738
148,522,100,738
20,535,100,738
20,612,36,738
20,623,36,738
148,571,164,737
148,709,100,738
20,592,100,738
20,603,36,738
20,742,36,737
20,751,164,738
148,762,164,738
20,642,100,738
20,651,36,738
20,532,36,738
20,542,164,738
148,549,164,738
20,664,100,27
20,607,36,27
20,623,36,27
20,515,164,26
148,476,164,26
148,440,100,25
20,408,100,25
20,505,36,25
20,509,36,737
148,270,164,738
148,288,164,737
20,431,100,737
20,447,36,737
20,396,36,738
148,475,164,738
148,489,164,737
20,502,100,737
20,515,36,738
20,529,36,737
148,540,164,738
148,552,164,737
20,564,100,738
20,576,100,737
20,650,36,738
20,662,164,738
148,735,164,738
148,618,100,738
20,628,100,738
20,766,36,737
20,519,164,738
148,529,164,738
148,664,100,738
20,673,100,738
20,618,36,738
20,764,36,27
148,712,164,27
148,538,100,27
20,495,100,27
20,394,36,26
20,360,36,26
148,265,164,25
148,492,164,25
20,390,100,737
20,406,36,737
20,359,36,738
20,375,164,737
148,454,164,737
148,468,100,737
20,482,100,738
20,495,36,738
20,509,36,738
148,522,164,738
148,535,164,737
20,547,100,738
20,558,36,737
20,633,36,738
148,709,164,738
148,720,164,738
20,603,100,737
20,613,36,738
20,750,36,738
20,760,164,738
148,514,164,738
20,651,100,738
20,661,100,738
20,541,36,738
20,613,164,738
148,537,164,28
20,610,100,27
20,561,100,27
20,518,36,26
20,413,164,26
148,313,164,26
148,408,100,26
20,378,100,26
20,508,36,738
20,270,36,737
148,286,164,738
148,302,164,737
20,445,100,738
20,461,36,737
20,410,36,738
148,489,164,737
148,501,164,738
20,515,100,737
20,526,36,738
20,541,36,737
20,551,164,738
148,565,164,737
148,574,100,738
20,586,100,738
20,659,36,738
20,736,164,738
148,745,164,738
148,628,100,738
20,636,100,738
20,518,36,738
20,526,36,738
148,537,164,738
148,544,164,739
20,682,100,738
20,636,36,27
20,650,36,27
148,538,164,27
148,498,164,26
20,459,100,26
20,425,100,26
20,265,36,26
20,493,164,26
148,260,164,737
148,278,100,737
20,421,100,738
20,438,36,737
20,388,36,738
148,467,164,738
148,480,164,738
20,495,100,738
20,507,36,738
20,522,36,738
20,532,164,738
148,546,164,738
148,556,100,738
20,570,100,737
20,643,36,738
20,656,36,737
148,728,164,738
128,0,128,128
0,0,0,0
0,0,0,0
0,0,0,0
0,0,0,0
0,0,0,0
0,0,0,0
