51,748,61,608
43,747,116,554
26,746,163,563
154,747,35,639
26,747,99,717
154,747,35,663
26,716,99,609
58,747,163,747
26,746,35,755
26,747,67,765
154,748,35,520
26,748,99,658
154,748,35,539
26,747,99,674
26,747,163,553
26,13,35,516
26,13,67,712
154,12,35,530
26,11,99,481
154,11,35,374
26,12,99,397
26,11,163,490
26,748,35,507
26,748,163,269
154,747,35,285
26,747,99,428
154,747,163,378
26,747,99,459
26,747,163,473
26,748,35,488
26,748,99,501
154,747,35,514
26,747,99,525
26,748,163,539
26,748,35,584
26,748,163,563
154,747,35,639
26,747,99,584
154,746,163,722
26,747,99,606
26,748,163,746
154,748,35,756
26,748,99,765
154,747,163,517
26,746,99,654
26,748,163,538
154,748,35,611
26,748,99,555
154,13,35,520
26,11,99,584
26,11,163,530
26,12,35,483
26,12,163,311
154,10,35,271
26,12,99,491
154,747,163,506
26,747,99,395
26,747,163,286
26,748,35,366
26,748,99,316
154,749,35,396
26,747,99,471
26,746,163,486
26,748,35,502
26,748,67,514
154,748,35,526
26,715,99,539
58,747,163,549
26,746,35,626
26,748,67,704
154,748,35,651
26,748,99,597
154,747,163,671
26,746,99,614
26,747,163,754
26,748,35,766
26,748,99,519
154,748,35,528
26,747,99,664
58,747,163,543
26,746,35,681
26,12,163,518
154,13,35,648
26,12,99,529
154,11,35,481
26,11,99,436
58,10,163,270
26,12,99,362
26,748,163,507
154,748,35,269
26,747,99,412
154,746,163,364
26,747,99,444
26,747,163,461
154,747,35,410
26,749,99,487
154,747,35,500
26,747,99,512
26,747,163,527
26,748,35,540
26,748,67,552
154,748,35,628
26,715,99,574
26,746,163,711
26,747,35,692
26,747,163,735
154,748,35,746
26,747,99,628
154,746,163,763
26,747,99,645
26,747,163,528
154,748,35,537
26,747,99,546
154,747,35,619
26,12,99,646
26,11,163,713
26,11,35,564
26,12,163,484
154,12,35,376
26,12,99,272
154,11,35,492
26,747,99,378
26,747,163,270
26,748,35,317
26,748,67,302
154,747,35,380
26,746,99,458
154,746,163,408
26,748,99,488
26,748,163,501
26,747,35,514
26,747,99,528
154,747,163,537
26,747,99,551
26,748,163,564
26,748,35,639
26,747,99,715
154,748,35,661
26,746,99,604
26,746,163,745
26,748,35,757
26,748,99,766
154,748,35,519
26,748,99,655
26,746,163,534
26,747,35,609
26,748,99,556
154,13,35,519
26,12,99,586
58,12,163,531
26,12,35,480
26,12,163,310
154,11,35,271
26,11,99,491
154,748,35,507
26,747,99,396
26,746,163,284
26,747,35,366
26,748,67,317
154,748,35,395
26,748,99,474
154,748,163,487
26,747,35,499
26,747,163,514
154,748,35,528
26,747,99,539
154,748,163,615
26,746,99,563
26,747,163,573
154,748,35,650
26,748,99,596
154,747,163,736
26,748,99,619
26,747,163,754
154,746,35,762
26,748,99,647
154,748,35,529
26,748,99,666
26,748,163,546
26,746,35,617
26,13,99,527
154,12,35,659
26,12,99,540
154,11,163,490
26,12,99,446
26,11,163,277
26,10,35,496
26,747,99,504
154,749,35,266
26,716,99,410
154,747,163,298
26,746,35,377
26,746,163,455
154,749,35,408
26,748,99,485
154,748,35,499
26,748,99,513
26,747,163,524
26,746,35,536
26,748,99,550
154,748,35,626
26,716,99,573
58,748,163,712
26,747,35,656
26,747,67,732
154,748,35,745
26,748,99,626
154,747,163,764
26,747,99,645
26,747,163,524
154,748,35,535
26,748,99,546
154,748,35,617
26,13,99,659
58,11,163,724
26,12,35,571
26,12,163,490
154,11,35,383
26,10,99,405
154,11,35,498
26,748,99,375
26,747,163,264
154,748,35,282
26,748,99,299
154,748,35,378
26,748,99,457
26,747,163,471
26,747,35,484
26,747,99,499
154,748,35,513
26,748,99,525
154,748,163,538
26,747,99,548
26,746,163,559
154,747,35,637
26,747,99,584
154,748,35,658
26,747,99,605
26,747,163,742
154,746,35,752
26,747,99,763
154,747,35,518
26,748,99,655
58,748,163,536
26,747,35,575
26,746,67,550
154,11,35,533
26,13,99,598
154,11,35,542
26,12,99,492
58,11,163,318
26,10,35,405
26,11,163,498
154,747,35,503
26,747,99,266
154,748,35,282
26,746,99,425
26,746,163,312
26,748,35,393
26,747,99,471
154,748,35,484
26,715,99,498
58,746,163,509
26,747,35,523
26,748,163,538
154,748,35,614
26,748,99,561
154,748,163,636
26,747,99,581
26,747,163,720
154,748,35,670
26,748,99,744
154,748,35,753
26,747,99,635
26,747,163,515
26,747,35,525
26,747,99,536
154,748,35,608
26,715,99,681
154,13,163,530
26,11,99,592
26,11,163,539
26,12,35,490
26,11,99,318
154,11,35,278
26,11,99,368
58,746,163,504
26,747,35,266
26,747,163,283
154,748,35,364
26,748,99,443
154,747,163,393
26,746,99,471
26,747,163,485
154,749,35,500
26,748,99,513
154,747,35,525
26,746,99,537
26,747,163,548
154,747,35,626
26,747,99,573
154,748,35,649
26,748,99,595
58,747,163,733
26,747,35,742
26,747,67,754
154,749,35,764
26,747,99,647
154,747,35,528
26,746,99,663
26,746,163,542
154,747,35,617
26,11,99,520
154,12,35,650
26,12,99,532
154,11,163,482
26,11,99,439
26,11,163,273
26,10,35,493
26,748,67,507
154,748,35,269
26,715,99,411
58,747,163,299
26,747,35,444
26,748,163,459
154,748,35,409
26,748,99,487
154,747,163,499
26,746,99,512
26,748,163,527
154,748,35,540
26,748,99,551
154,747,35,627
26,747,99,572
26,747,163,713
26,747,35,660
26,748,99,736
154,748,35,745
26,715,99,627
26,746,163,763
26,746,35,517
26,747,99,528
154,747,35,537
26,716,99,674
58,747,163,554
26,13,35,522
26,13,163,718
154,12,35,536
26,11,99,487
154,12,35,378
26,10,99,403
58,10,163,492
26,747,35,378
26,748,163,269
154,749,35,285
26,747,99,300
154,746,35,380
26,747,99,457
26,746,163,472
26,748,35,488
26,748,163,501
154,748,35,514
26,747,99,526
154,746,163,537
26,747,99,550
26,748,163,564
26,747,35,639
26,748,99,714
154,746,35,659
26,746,99,605
26,748,163,745
26,748,35,756
26,749,67,766
154,748,35,519
26,747,99,654
58,746,163,534
26,748,99,673
26,748,163,555
26,12,35,520
26,12,67,715
154,12,35,530
26,11,99,481
154,12,163,376
26,12,99,399
26,11,163,492
26,748,35,506
26,746,67,267
154,746,35,284
26,748,99,429
154,747,163,381
26,748,99,459
26,748,163,473
26,747,35,486
26,747,99,499
154,748,35,514
26,748,99,527
26,748,163,539
26,747,35,584
26,746,67,562
154,747,35,637
26,716,99,587
58,748,163,725
26,748,99,607
26,748,163,746
154,746,35,752
26,715,99,637
154,748,163,520
26,748,99,657
26,747,163,538
154,748,35,610
26,747,99,680
154,13,163,525
26,11,99,592
26,12,163,536
26,10,35,455
26,11,67,315
154,12,35,273
26,12,99,367
154,748,163,506
26,748,99,395
26,748,163,283
154,747,35,363
26,745,99,441
154,747,163,394
26,749,99,471
26,748,163,485
154,748,35,500
26,747,99,512
154,747,163,524
26,747,99,538
26,748,163,550
26,747,35,626
26,747,99,574
154,747,35,647
26,747,99,593
26,747,163,733
26,748,35,713
26,747,163,755
154,747,35,765
26,746,99,645
58,746,163,524
26,748,35,664
26,748,163,545
154,748,35,618
26,12,99,526
154,11,35,654
26,11,99,535
26,11,163,487
26,11,35,379
26,11,67,275
154,11,35,495
26,747,99,376
58,746,163,265
26,748,35,411
26,748,163,300
154,748,35,379
26,748,99,459
154,746,163,406
26,747,99,485
26,748,163,499
154,749,35,513
26,748,99,526
154,748,35,538
26,747,99,548
26,746,163,560
26,748,35,637
26,748,99,713
154,747,35,660
26,716,99,607
26,746,163,742
26,748,35,753
26,748,67,766
154,747,35,518
26,748,99,656
154,747,163,536
26,746,35,574
26,747,67,552
154,13,35,521
26,13,99,586
154,11,35,532
26,11,99,484
26,12,163,310
26,10,35,271
26,11,67,493
154,748,35,507
26,748,99,397
154,747,163,284
26,747,99,427
26,748,163,316
154,748,35,395
26,748,99,474
154,749,35,487
26,748,99,500
26,747,163,512
26,747,35,526
26,748,67,540
154,748,35,616
26,749,99,563
154,747,163,638
26,747,99,583
26,747,163,724
154,748,35,671
26,747,99,747
154,748,35,756
26,747,99,636
26,747,163,516
26,747,35,528
26,748,99,538
154,748,35,610
26,716,99,682
154,13,163,519
26,12,35,584
26,11,163,533
154,12,35,484
26,12,99,311
154,11,35,273
26,11,99,364
26,746,163,506
26,748,35,268
26,748,163,286
154,748,35,365
26,747,99,446
154,746,163,395
26,747,99,472
26,748,163,488
26,748,35,502
26,747,99,515
154,748,35,527
26,747,99,537
26,747,163,550
26,747,35,563
26,748,163,575
154,748,35,650
26,747,99,597
154,746,163,734
26,747,35,615
26,748,163,756
154,748,35,767
26,747,99,519
154,748,163,528
26,747,99,663
26,746,163,545
26,749,35,619
26,12,99,515
154,12,35,646
26,11,99,528
154,11,163,414
26,11,99,435
26,11,163,270
26,11,35,457
26,747,67,507
154,747,35,270
26,715,99,413
58,747,163,302
26,748,99,446
26,748,163,460
26,749,35,411
26,747,99,487
154,747,163,500
26,748,99,515
26,748,163,528
26,748,35,540
26,748,99,553
154,746,35,627
26,747,99,573
26,747,163,715
26,748,35,694
26,748,67,736
154,748,35,746
26,747,99,626
58,746,163,763
26,747,35,647
26,748,163,529
154,748,35,538
26,748,99,547
154,746,163,617
26,12,99,647
26,11,163,717
26,11,35,566
26,12,67,485
154,11,35,377
26,11,99,400
154,11,163,491
26,748,99,379
26,748,163,269
26,748,35,285
26,748,99,302
154,746,35,380
26,746,99,458
58,748,163,474
26,748,99,487
26,748,163,500
154,747,35,514
26,747,99,525
154,746,163,538
26,748,99,552
26,748,163,563
26,748,35,639
26,748,99,714
154,746,35,658
26,747,99,606
26,748,163,746
26,749,35,756
26,748,99,766
154,748,35,519
26,747,99,653
26,748,163,536
26,747,35,579
26,748,67,555
154,12,35,521
26,12,99,587
154,12,163,530
26,12,99,482
26,11,163,312
26,10,35,304
26,11,163,492
154,747,35,507
26,715,99,395
58,747,163,285
26,748,99,429
26,747,163,317
154,748,35,395
26,748,99,473
154,746,163,485
26,747,35,500
26,747,163,515
154,748,35,527
26,748,99,539
154,746,163,551
26,747,35,625
26,747,99,574
154,748,35,651
26,747,99,596
58,747,163,736
26,747,35,744
26,747,99,753
154,748,35,766
26,747,99,647
26,748,163,528
26,747,35,537
26,747,99,544
154,747,35,616
26,12,99,650
26,12,163,715
26,11,35,565
26,12,163,484
154,11,35,375
26,11,99,399
154,11,163,493
26,748,99,379
26,748,163,268
154,748,35,284
26,747,99,428
154,746,163,379
26,747,99,459
26,748,163,473
26,749,35,487
26,748,67,500
154,747,35,511
26,746,99,524
58,748,163,539
26,748,35,551
26,747,163,563
154,748,35,639
26,747,99,582
154,747,163,658
26,748,99,608
26,748,163,745
26,747,35,754
26,748,99,765
154,747,35,517
26,747,99,654
26,747,163,537
26,748,35,610
26,748,67,554
154,12,35,518
26,12,99,582
154,12,163,529
26,12,99,482
26,12,163,309
26,12,35,270
26,10,99,490
154,747,35,506
26,746,99,397
26,748,163,286
26,747,35,334
26,747,163,318
154,748,35,396
26,714,99,473
58,747,163,487
26,749,35,501
26,747,163,514
154,748,35,527
26,747,99,539
58,746,163,550
26,748,35,628
26,749,163,575
154,748,35,650
26,749,99,598
154,747,163,734
26,747,35,743
26,747,99,755
154,748,35,767
26,715,99,647
58,747,163,528
26,746,35,536
26,747,99,544
154,747,35,618
26,13,99,641
154,12,163,644
26,12,99,527
26,12,163,477
154,11,35,369
26,12,99,269
154,11,35,489
26,748,99,382
154,748,163,270
26,747,99,414
26,747,163,302
154,747,35,382
26,748,99,462
154,748,35,410
26,748,99,489
26,748,163,501
154,747,35,514
26,749,99,529
154,748,163,541
26,747,99,553
26,748,163,564
154,746,35,637
26,746,99,586
154,748,163,662
26,748,99,608
26,747,163,747
154,747,35,756
26,747,99,636
154,747,163,518
26,748,99,657
26,748,163,538
154,747,35,611
26,748,99,683
154,12,163,519
26,13,99,586
26,11,163,535
26,12,35,485
26,12,99,312
154,12,35,273
26,11,99,363
26,747,163,507
26,748,35,269
26,747,67,286
154,748,35,366
26,748,99,444
154,746,163,458
26,748,99,474
26,749,163,487
154,747,35,501
26,748,99,515
154,747,163,527
26,746,99,537
26,747,163,552
154,748,35,628
26,748,99,575
154,747,35,650
26,747,99,595
26,747,163,732
154,748,35,745
26,748,99,628
154,748,163,766
26,747,99,647
26,746,163,527
154,747,35,534
26,715,99,674
58,748,163,555
26,12,99,644
26,12,163,709
154,11,35,527
26,11,99,478
154,11,35,372
26,11,99,396
26,11,163,489
26,747,35,509
26,747,99,269
154,746,35,286
26,715,99,430
58,748,163,318
26,748,35,461
26,748,163,475
154,746,35,486
26,714,99,500
58,748,163,516
26,748,35,529
26,748,163,540
154,747,35,616
26,747,99,563
154,747,163,637
26,747,99,587
26,747,163,726
154,748,35,737
26,747,99,619
154,746,163,753
26,747,99,636
26,747,163,521
154,747,35,529
26,748,99,538
154,747,35,611
26,746,99,680
26,11,163,521
26,12,35,588
26,12,163,533
154,10,35,484
26,10,99,312
154,10,35,270
26,12,99,364
26,748,163,506
26,748,35,268
26,747,67,285
154,747,35,365
26,715,99,443
26,747,163,458
26,748,35,442
26,748,163,487
154,748,35,500
26,747,99,513
154,747,163,525
26,747,99,539
26,748,163,552
154,748,35,628
26,748,99,574
154,747,35,648
26,746,99,594
26,748,163,734
26,748,35,746
26,748,99,755
154,748,35,766
26,714,99,645
26,747,163,526
26,747,35,568
26,747,163,546
154,748,35,619
26,13,99,648
154,13,35,650
26,11,99,531
26,12,163,484
26,12,35,376
26,12,163,272
154,10,35,492
26,747,99,378
154,746,163,267
26,748,99,413
26,748,163,302
26,747,35,381
26,748,99,460
154,747,35,408
26,747,99,486
58,748,163,501
26,747,35,514
26,747,163,527
154,747,35,539
26,746,99,549
154,748,163,626
26,747,99,575
26,747,163,713
154,748,35,661
26,747,99,608
154,747,163,743
26,746,99,625
26,747,163,766
154,748,35,519
26,748,99,528
154,747,35,537
26,746,99,672
26,746,163,552
26,13,35,520
26,12,99,714
154,11,35,532
26,11,99,484
58,11,163,309
26,12,35,399
26,11,163,492
154,748,35,508
26,748,99,268
154,748,163,285
26,746,99,428
26,747,163,316
26,748,35,396
26,747,99,474
154,748,35,488
26,748,99,501
26,747,163,512
26,748,35,527
26,748,67,540
154,749,35,616
26,748,99,563
154,746,163,574
26,746,35,648
26,748,163,724
154,748,35,736
26,748,99,618
154,748,35,756
26,746,99,636
26,747,163,516
26,747,35,527
26,748,99,537
154,747,35,611
26,747,99,683
26,12,163,519
26,12,35,648
26,12,163,533
154,13,35,484
26,10,99,311
154,11,35,272
26,11,99,364
26,746,163,506
26,747,35,269
26,747,99,286
154,748,35,366
26,716,99,446
58,746,163,458
26,747,35,440
26,747,67,488
154,749,35,502
26,716,99,515
154,748,163,528
26,747,35,570
26,747,67,551
154,748,35,629
26,748,99,576
154,748,163,650
26,747,99,597
26,747,163,733
154,746,35,744
26,747,99,628
154,747,163,766
26,748,99,646
26,747,163,529
154,747,35,536
26,747,99,673
154,747,163,620
26,11,99,647
26,12,163,713
26,12,35,564
26,12,67,480
154,11,35,374
26,11,99,399
154,11,163,491
26,748,99,379
26,747,163,269
26,746,35,284
26,747,99,300
154,748,35,382
26,747,99,460
26,749,163,475
26,747,35,487
26,747,99,500
154,747,35,514
26,748,99,528
26,747,163,540
26,747,35,584
26,747,99,563
154,746,35,636
26,748,99,585
58,748,163,726
26,747,35,703
26,748,67,746
154,746,35,755
26,746,99,635
26,747,163,518
26,748,35,561
26,747,67,538
154,748,35,610
26,714,99,682
58,13,163,523
26,12,99,593
26,13,163,538
154,11,35,488
26,11,99,316
154,12,35,275
26,11,99,366
26,748,163,507
26,748,35,396
26,747,163,284
154,748,35,365
26,747,99,442
154,746,163,393
26,747,99,473
26,748,163,487
154,748,35,500
26,748,99,514
154,747,163,525
26,746,99,537
26,748,163,551
26,747,35,627
26,748,99,575
154,748,35,649
26,746,99,594
26,746,163,733
26,748,35,745
26,748,99,755
154,748,35,765
26,716,99,647
58,746,163,526
26,747,35,535
26,748,67,547
154,748,35,619
26,12,99,648
154,12,163,651
26,12,99,530
26,11,163,483
26,12,35,376
26,12,67,272
154,11,35,492
26,748,99,378
154,746,163,267
26,747,99,412
26,748,163,302
26,747,35,381
26,748,99,460
154,747,35,410
26,746,99,485
26,747,163,501
26,748,35,515
26,747,99,527
154,748,35,540
26,747,99,551
26,747,163,561
26,747,35,639
26,747,99,715
154,748,35,660
26,716,99,607
58,748,163,745
26,746,35,753
26,747,67,764
154,747,35,519
26,716,99,656
154,748,163,538
26,747,35,673
26,746,67,552
154,11,35,523
26,13,99,590
154,11,35,534
26,12,99,485
26,12,163,312
26,12,35,272
26,11,67,494
154,747,35,505
26,747,99,395
154,747,163,285
26,746,35,427
26,747,163,314
154,747,35,395
26,748,99,472
154,749,163,486
26,748,99,500
26,747,163,512
154,747,35,524
26,748,99,540
154,747,35,614
26,748,99,562
26,748,163,575
26,746,35,646
26,747,99,722
154,748,35,671
26,748,99,617
26,747,163,755
26,748,35,765
26,747,99,516
154,746,35,526
26,748,99,666
26,747,163,545
26,747,35,618
26,12,67,521
154,12,35,649
26,12,99,531
154,12,163,483
26,11,99,440
26,11,163,271
26,11,35,493
26,746,99,378
154,747,163,267
26,748,99,413
26,748,163,301
26,748,35,380
26,747,99,459
154,746,163,408
26,748,99,486
26,747,163,501
26,748,35,514
26,749,99,527
154,747,35,539
26,747,99,549
26,747,163,562
26,748,35,639
26,748,99,713
154,747,35,661
26,747,99,607
26,747,163,742
26,747,35,755
26,748,99,765
154,747,35,519
26,747,99,656
26,746,163,536
26,746,35,543
26,747,99,554
154,12,35,512
26,12,99,580
154,12,163,525
26,12,99,477
26,12,163,305
26,11,35,268
26,12,99,487
154,747,35,510
26,715,99,398
58,747,163,286
26,746,35,366
26,748,99,318
154,749,35,398
26,715,99,475
58,748,163,490
26,747,35,501
26,748,67,515
154,748,35,529
26,715,99,541
58,748,163,553
26,748,35,565
26,747,67,575
154,747,35,650
26,716,99,599
58,747,163,736
26,747,35,714
26,748,67,758
154,748,35,763
26,747,99,646
26,748,163,530
26,747,35,539
26,748,99,548
154,749,35,621
26,13,99,642
26,12,163,709
26,12,35,529
26,12,163,479
154,11,35,372
26,12,99,270
154,11,163,488
26,746,99,380
26,748,163,271
26,748,35,287
26,747,99,303
154,748,35,381
26,747,99,460
26,747,163,474
26,748,35,458
26,748,67,503
154,748,35,516
26,715,99,529
58,746,163,539
26,747,35,585
26,748,163,564
154,748,35,640
26,748,99,587
154,748,163,660
26,746,35,607
26,748,163,747
154,748,35,757
26,748,99,638
154,748,163,520
26,747,99,656
26,746,163,536
154,747,35,610
26,748,99,556
154,13,35,767
26,11,99,578
26,12,163,523
26,11,35,443
26,10,163,305
154,11,35,266
26,10,99,359
154,747,163,510
26,747,99,399
26,746,163,287
154,747,35,368
26,748,99,448
154,748,35,398
26,748,99,476
26,747,163,489
26,748,35,501
26,747,99,517
154,748,35,529
26,748,99,542
58,748,163,554
26,746,35,627
26,747,99,574
154,748,35,652
26,748,99,599
58,748,163,737
26,748,35,715
26,747,99,755
154,747,35,765
26,715,99,649
58,747,163,530
26,748,35,571
26,747,67,548
154,747,35,617
26,11,99,643
154,11,163,648
26,11,99,529
26,12,163,480
26,12,35,373
26,11,99,268
154,11,35,489
26,747,99,380
26,747,163,270
26,748,35,319
26,747,67,302
154,746,35,380
26,748,99,459
26,749,163,474
26,748,35,457
26,748,67,502
154,748,35,514
26,747,99,526
26,747,163,539
26,747,35,585
26,747,67,564
154,748,35,640
26,715,99,586
26,747,163,723
26,747,35,671
26,747,67,746
154,747,35,757
26,716,99,638
58,747,163,518
26,746,35,526
26,747,67,537
154,748,35,612
26,748,99,683
154,12,163,515
26,13,99,581
26,12,163,526
154,11,35,480
26,11,99,309
154,11,35,269
26,11,99,361
26,747,163,508
26,746,35,268
26,747,99,287
154,748,35,366
26,748,99,446
58,748,163,460
26,748,35,410
26,747,99,487
154,748,35,502
26,717,99,515
58,748,163,528
26,748,35,572
26,746,67,550
154,748,35,627
26,716,99,576
58,747,163,714
26,748,35,693
26,748,67,736
154,747,35,744
26,747,99,626
26,748,163,767
26,747,35,520
26,747,67,528
154,748,35,538
26,746,99,672
26,747,163,554
26,13,35,513
26,11,163,709
154,12,35,526
26,12,99,479
154,12,163,369
26,11,99,394
26,10,163,488
26,748,35,509
26,748,99,270
154,748,35,286
26,746,99,429
26,747,163,318
26,748,35,398
26,748,99,475
154,748,35,488
26,748,99,502
26,746,163,514
26,747,35,528
26,747,99,541
154,748,35,616
26,747,99,565
58,747,163,575
26,746,35,649
26,747,99,726
154,748,35,736
26,748,99,619
58,748,163,757
26,748,35,766
26,746,99,518
154,748,35,529
26,748,99,667
26,748,163,548
26,748,35,588
26,12,67,764
154,11,35,640
26,11,99,524
154,11,163,412
26,12,99,432
26,10,163,265
26,11,35,486
26,747,99,509
154,747,35,272
26,716,99,416
58,748,163,304
26,747,35,448
26,747,67,461
154,746,35,410
26,747,99,490
154,748,163,503
26,748,99,517
26,747,163,529
154,747,35,540
26,747,99,552
154,748,35,630
26,747,99,577
26,748,163,717
26,748,35,663
26,747,99,735
154,747,35,746
26,748,99,630
26,748,163,512
26,748,35,521
26,748,163,531
154,746,35,536
26,714,99,674
58,748,163,557
26,11,99,626
26,12,163,567
26,13,35,516
26,12,99,466
154,11,35,361
26,12,99,388
58,747,163,494
26,748,35,384
26,747,163,275
154,746,35,353
26,715,99,434
58,748,163,450
26,748,99,465
26,747,163,478
154,748,35,491
26,747,99,503
154,748,35,518
26,749,99,532
26,748,163,544
26,747,35,587
26,747,67,566
154,746,35,640
26,716,99,589
154,748,163,665
26,748,99,610
26,748,163,749
154,747,35,758
26,747,99,638
154,746,163,522
26,748,99,660
26,747,163,541
154,748,35,613
26,747,99,685
154,13,163,758
26,13,99,572
26,11,163,520
26,11,35,408
26,12,67,300
154,10,35,261
26,12,99,363
58,747,163,256
26,748,99,403
26,748,163,291
154,748,35,369
26,746,99,448
154,747,163,399
26,747,99,479
26,747,163,493
26,748,35,505
26,748,99,518
154,747,35,529
26,746,99,542
26,748,163,556
26,747,35,631
26,748,67,707
154,748,35,653
26,747,99,598
58,747,163,736
26,748,35,717
26,748,163,759
154,747,35,513
26,747,99,650
154,747,163,528
26,746,35,571
26,747,67,549
154,747,35,622
26,12,99,626
154,12,163,633
26,12,99,514
26,12,163,467
26,11,35,331
26,11,67,260
154,747,35,493
26,748,99,385
58,747,163,273
26,746,35,417
26,747,163,307
154,748,35,385
26,748,99,464
154,747,35,414
26,747,99,490
26,748,163,505
26,748,35,519
26,748,99,531
154,747,35,608
26,747,99,556
26,747,163,565
26,747,35,642
26,749,99,718
154,748,35,664
26,716,99,611
58,746,163,747
26,746,35,756
26,747,67,512
154,748,35,522
26,748,99,659
154,748,163,540
26,748,99,676
26,747,163,555
154,12,35,758
26,12,99,572
154,12,35,518
26,10,99,471
58,11,163,299
26,12,35,261
26,11,67,492
154,747,35,256
26,747,99,400
154,747,163,353
26,747,99,432
26,746,163,319
154,748,35,400
26,749,99,477
154,747,35,492
26,748,99,505
26,747,163,516
26,748,35,529
26,748,99,543
154,748,35,619
26,747,99,566
26,748,163,706
26,746,35,650
26,747,99,725
154,748,35,738
26,716,99,620
58,748,163,758
26,747,99,641
26,747,163,520
154,747,35,529
26,747,99,668
154,748,163,613
26,748,99,686
26,13,163,755
26,12,35,629
26,11,67,515
154,11,35,404
26,12,99,425
154,12,35,259
26,748,99,365
26,746,163,511
26,747,35,273
26,748,99,290
154,748,35,370
26,716,99,449
154,748,163,464
26,747,35,476
26,748,163,491
154,748,35,506
26,747,99,518
154,747,35,531
26,747,99,542
26,746,163,552
26,748,35,630
26,748,99,707
154,748,35,653
26,716,99,601
154,747,163,737
26,746,35,714
26,747,67,758
154,747,35,512
26,747,99,649
154,747,163,531
26,747,99,667
26,747,163,546
154,748,35,620
26,12,99,751
154,12,35,628
26,12,99,514
154,11,163,402
26,11,99,423
26,11,163,258
26,748,35,462
26,747,163,257
154,748,35,275
26,748,99,419
154,747,163,369
26,748,99,450
26,748,163,466
26,748,35,414
26,748,67,492
154,747,35,504
26,715,99,517
58,748,163,533
26,748,99,545
26,747,163,556
154,748,35,632
26,747,99,577
154,746,163,652
26,747,99,601
26,747,163,739
26,748,35,749
26,747,99,760
154,747,163,767
26,746,99,649
26,748,163,532
154,747,35,541
26,747,99,550
154,748,35,623
26,12,99,619
26,13,163,562
26,12,35,511
26,11,67,464
154,11,35,358
26,11,99,384
154,747,163,495
26,747,99,386
26,747,163,277
26,748,35,357
26,748,99,308
154,747,35,388
26,747,99,465
58,747,163,480
26,747,99,494
26,748,163,507
154,748,35,520
26,747,99,532
154,746,163,543
26,748,99,555
26,748,163,570
26,748,35,643
26,748,67,718
154,747,35,665
26,715,99,610
58,746,163,750
26,748,99,632
26,748,163,515
154,748,35,524
26,747,99,659
154,747,163,539
26,748,99,678
26,748,163,545
26,11,35,703
26,12,163,550
154,11,35,499
26,12,99,453
154,11,35,285
26,11,99,377
58,747,163,500
26,747,35,391
26,746,163,278
154,747,35,358
26,747,99,439
154,748,163,391
26,748,99,469
26,748,163,483
26,747,35,495
26,747,99,508
154,747,35,523
26,749,99,536
26,748,163,547
26,748,35,624
26,747,99,569
154,746,35,644
26,716,99,593
58,747,163,732
26,747,99,614
26,748,163,752
154,746,35,760
26,747,99,641
154,747,163,525
26,748,99,662
26,748,163,543
154,748,35,616
26,12,99,671
154,13,35,670
26,11,99,552
26,11,163,500
26,12,35,390
26,11,163,285
154,11,35,503
26,747,99,372
154,748,163,264
26,748,99,408
26,748,163,296
26,748,35,376
26,747,99,453
154,748,35,404
26,748,99,483
58,748,163,497
26,748,35,511
26,748,163,522
154,747,35,533
26,714,99,548
154,748,163,625
26,748,99,571
26,747,163,711
154,748,35,656
26,746,99,602
154,748,163,742
26,748,99,625
26,748,163,763
154,747,35,516
26,748,99,653
154,747,163,532
26,748,99,671
26,748,163,552
26,12,35,540
26,13,99,731
154,12,35,610
26,11,99,495
58,12,163,388
26,10,99,411
26,11,163,502
26,748,35,502
26,747,99,263
154,747,35,279
26,747,99,425
26,748,163,313
26,748,35,392
26,747,163,470
154,747,35,482
26,715,99,495
154,747,163,510
26,748,99,524
26,747,163,536
26,747,35,613
26,747,99,558
154,747,35,633
26,747,99,582
58,748,163,722
26,748,99,604
26,748,163,743
154,746,35,751
26,746,99,633
154,747,35,517
26,747,99,654
58,748,163,534
26,748,35,577
26,746,67,550
154,12,35,543
26,13,99,608
154,12,35,614
26,11,99,500
58,12,163,455
26,11,35,316
26,12,163,504
154,747,35,500
26,748,99,263
154,748,35,280
26,748,99,423
26,747,163,310
26,746,35,389
26,747,67,468
154,747,35,482
26,748,99,495
154,747,163,509
26,746,99,520
26,747,163,534
154,748,35,611
26,748,99,559
154,747,35,634
26,747,99,581
26,746,163,719
26,747,35,666
26,748,99,743
154,748,35,751
26,716,99,634
58,747,163,515
26,747,35,523
26,747,67,533
154,747,35,608
26,748,99,680
154,13,163,609
26,12,99,606
26,11,163,549
26,12,35,499
26,12,67,454
154,10,35,285
26,11,99,377
154,746,163,499
26,746,35,389
26,748,163,278
154,749,35,359
26,748,99,311
154,748,35,390
26,747,99,467
26,747,163,481
26,747,35,496
26,748,99,510
154,749,35,522
26,716,99,535
58,746,163,545
26,747,35,589
26,747,163,571
154,747,35,647
26,748,99,592
154,748,163,668
26,747,35,612
26,746,163,751
154,747,35,762
26,748,99,643
154,748,35,524
26,747,99,662
26,747,163,541
26,746,35,613
26,11,99,541
154,12,35,669
26,11,99,548
154,12,163,497
26,11,99,451
26,12,163,282
26,11,35,502
26,748,67,501
154,748,35,264
26,747,99,408
58,747,163,294
26,747,35,374
26,748,163,455
154,748,35,405
26,748,99,483
154,747,163,497
26,747,99,508
26,747,163,523
154,747,35,536
26,748,99,548
154,748,35,624
26,748,99,571
26,747,163,708
26,748,35,657
26,748,99,732
154,748,35,743
26,716,99,625
58,747,163,761
26,746,35,514
26,747,67,525
154,748,35,535
26,748,99,671
154,747,163,616
26,12,99,668
26,13,163,729
26,12,35,612
26,12,99,497
154,12,35,388
26,11,99,410
154,11,163,501
26,747,99,372
26,747,163,264
154,747,35,281
26,748,99,298
154,748,35,376
26,746,99,455
26,747,163,469
26,747,35,484
26,748,99,498
154,747,35,511
26,716,99,524
58,748,163,535
26,747,35,578
26,748,163,561
154,748,35,636
26,748,99,711
154,749,35,658
26,747,99,602
26,747,163,741
26,748,35,754
26,748,67,763
154,747,35,517
26,716,99,655
58,746,163,533
26,747,35,574
26,748,163,553
154,13,35,536
26,13,99,728
154,12,35,609
26,11,99,492
26,11,163,449
26,11,99,409
26,10,163,499
154,747,35,502
26,748,99,264
154,747,163,281
26,747,99,424
26,748,163,313
26,748,35,391
26,748,99,470
154,748,35,484
26,746,99,496
26,747,163,510
26,748,35,525
26,748,67,536
154,748,35,612
26,748,99,561
58,747,163,570
26,748,35,582
26,747,163,722
154,748,35,669
26,747,99,615
154,746,163,753
26,746,99,633
26,747,163,517
154,748,35,527
26,748,99,535
154,748,35,608
26,746,99,680
26,13,163,542
26,12,35,736
26,11,67,552
154,10,35,500
26,12,99,455
154,12,163,285
26,12,99,375
26,747,163,500
26,748,35,263
26,748,67,280
154,747,35,359
26,714,99,438
58,746,163,452
26,748,99,469
26,747,163,483
154,749,35,497
26,748,99,510
154,746,163,522
26,747,99,533
26,747,163,547
26,748,35,624
26,747,99,572
154,749,35,647
26,714,99,592
26,747,163,730
26,747,35,710
26,749,163,752
154,749,35,762
26,747,99,516
154,747,163,523
26,746,99,660
26,747,163,544
26,748,35,616
26,12,99,541
154,12,35,669
26,12,99,546
58,12,163,496
26,12,99,452
26,12,163,283
26,12,35,502
26,748,99,501
154,747,35,262
26,747,99,407
26,748,163,297
26,748,35,377
26,748,163,455
154,748,35,405
26,746,99,481
154,748,163,495
26,749,99,510
26,748,163,523
26,748,35,536
26,747,99,547
154,747,35,621
26,747,99,571
58,749,163,711
26,748,35,593
26,747,163,732
154,747,35,741
26,747,99,622
154,747,163,762
26,748,99,644
26,748,163,526
154,748,35,534
26,747,99,671
154,746,163,613
26,13,99,668
26,13,163,733
26,12,35,579
26,12,163,496
154,11,35,387
26,11,99,409
154,11,35,502
26,747,99,374
26,748,163,263
26,747,35,312
26,747,67,295
154,746,35,374
26,716,99,455
154,748,163,405
26,749,99,484
26,748,163,497
26,746,35,508
26,747,99,520
154,747,35,536
26,747,99,548
58,748,163,560
26,748,35,635
26,746,67,709
154,746,35,655
26,748,99,604
154,748,163,742
26,748,99,625
26,748,163,763
26,746,35,513
26,746,99,523
154,747,35,534
26,748,99,672
58,747,163,552
26,13,35,667
26,12,163,729
154,12,35,609
26,11,99,496
154,12,35,387
26,12,99,410
58,11,163,502
26,747,35,501
26,746,67,263
154,747,35,280
26,748,99,426
154,747,35,376
26,747,99,455
26,747,163,468
26,747,35,483
26,748,67,497
154,748,35,511
26,747,99,523
154,747,163,537
26,747,99,547
26,747,163,559
154,748,35,635
26,748,99,711
154,748,35,658
26,748,99,603
26,747,163,740
154,746,35,752
26,748,99,763
154,747,35,516
26,748,99,654
26,748,163,534
26,747,35,541
26,748,99,551
154,14,35,532
26,11,99,596
58,11,163,541
26,12,99,491
26,11,163,317
26,11,35,278
26,12,99,497
154,748,35,504
26,715,99,394
154,748,163,281
26,747,35,330
26,748,163,314
154,749,35,393
26,747,99,471
154,748,35,485
26,747,99,497
26,747,163,510
26,748,35,525
26,749,99,537
154,748,35,614
26,716,99,561
154,747,163,572
26,746,35,645
26,748,163,722
154,748,35,670
26,748,99,744
154,747,35,754
26,747,99,634
26,747,163,515
26,748,35,527
26,749,99,536
154,748,35,609
26,716,99,681
58,12,163,530
26,12,99,595
26,13,163,542
26,11,35,492
26,11,99,319
154,12,35,278
26,11,99,368
154,747,163,503
26,748,99,395
26,748,163,283
26,748,35,362
26,747,99,315
154,747,35,392
26,747,99,470
26,748,163,486
26,748,35,499
26,748,67,512
154,747,35,524
26,714,99,536
58,746,163,549
26,748,35,563
26,747,163,573
154,748,35,649
26,748,99,594
154,747,163,731
26,747,99,615
26,748,163,755
154,748,35,764
26,747,99,518
154,748,35,526
26,746,99,660
26,748,163,545
26,748,35,618
26,12,99,528
154,13,35,657
26,12,99,538
58,11,163,487
26,12,99,444
26,11,163,276
26,10,35,496
26,747,67,505
154,747,35,266
26,747,99,410
26,748,163,300
26,748,35,379
26,748,163,458
154,748,35,408
26,748,99,484
154,746,163,498
26,747,99,513
26,748,163,527
26,747,35,538
26,748,99,551
154,746,35,624
26,746,99,572
58,747,163,712
26,749,35,692
26,748,163,735
154,748,35,744
26,747,99,624
154,746,163,762
26,747,99,646
26,747,163,527
26,747,35,537
26,748,99,546
154,746,35,615
26,14,99,659
26,12,163,726
26,12,99,542
26,11,163,492
26,11,35,383
26,12,99,277
154,11,35,498
26,748,99,376
154,748,163,265
26,748,99,410
26,748,163,298
26,748,35,376
26,747,99,456
154,749,35,407
26,716,99,485
58,748,163,498
26,747,99,511
26,746,163,523
154,748,35,536
26,748,99,550
154,748,35,626
26,747,99,572
26,747,163,712
26,747,35,657
26,746,67,733
154,748,35,745
26,747,99,626
154,748,163,764
26,747,99,645
26,747,163,524
154,747,35,535
26,748,99,673
154,748,35,617
26,13,99,661
26,13,163,724
26,12,35,572
26,11,163,492
154,11,35,383
26,11,99,279
154,11,35,499
26,748,99,375
26,747,163,264
26,747,35,314
26,748,67,299
154,748,35,378
26,747,99,457
154,747,163,406
26,746,99,483
26,747,163,498
154,748,35,513
26,748,99,525
154,748,35,537
26,747,99,548
26,746,163,559
26,747,35,637
26,748,99,713
154,748,35,658
26,716,99,605
58,747,163,742
26,747,35,752
26,748,163,764
154,748,35,518
26,748,99,655
154,748,35,536
26,747,99,670
26,746,163,551
26,13,35,533
26,12,99,725
154,12,35,542
26,11,99,492
154,12,163,381
26,12,99,405
26,11,163,498
26,747,35,504
26,748,99,266
154,748,35,283
26,746,99,425
26,747,163,313
26,748,35,394
26,748,67,471
154,747,35,484
26,748,99,498
154,747,163,510
26,747,35,523
26,748,163,538
154,748,35,613
26,747,99,562
154,747,163,637
26,746,99,582
26,747,163,721
154,748,35,671
26,748,99,744
154,748,35,753
26,747,99,636
26,747,163,514
26,747,35,525
26,748,99,536
154,748,35,608
26,748,99,681
154,12,163,522
26,12,99,587
26,12,163,534
26,12,35,485
26,12,67,313
154,12,35,273
26,11,99,365
154,747,163,505
26,746,99,396
26,747,163,285
154,748,35,365
26,748,99,444
154,747,163,394
26,746,99,472
26,748,163,487
154,748,35,501
26,748,99,514
154,747,35,527
26,747,99,538
26,747,163,549
26,748,35,626
26,747,99,575
154,747,35,650
26,716,99,597
58,747,163,733
26,746,35,743
26,747,67,755
154,748,35,765
26,748,99,647
154,748,163,528
26,746,99,663
26,747,163,543
154,748,35,619
26,12,99,519
154,12,35,649
26,12,99,532
26,12,163,481
26,11,35,374
26,11,163,272
154,11,35,491
26,748,99,507
154,748,35,269
26,747,99,411
26,746,163,300
26,748,35,381
26,748,67,459
154,748,35,410
26,748,99,488
154,748,163,499
26,747,99,512
26,748,163,527
26,748,35,539
26,748,99,552
154,748,35,627
26,747,99,573
26,747,163,713
26,747,35,661
26,747,99,736
154,748,35,747
26,748,99,626
26,747,163,763
26,748,35,518
26,748,67,529
154,748,35,538
26,716,99,675
154,747,163,554
26,12,35,525
26,12,163,720
154,11,35,538
26,12,99,489
154,11,35,380
26,11,99,404
58,10,163,495
26,748,35,378
26,748,163,268
154,748,35,283
26,748,99,429
154,747,163,379
26,746,99,457
26,748,163,473
154,748,35,486
26,748,99,500
154,748,35,513
26,748,99,525
26,747,163,536
26,748,35,615
26,747,67,562
154,748,35,638
26,748,99,585
154,747,163,723
26,747,35,700
26,748,67,745
154,748,35,755
26,748,99,637
154,747,163,519
26,747,35,652
26,746,163,535
154,747,35,610
26,748,99,683
154,12,163,520
26,13,99,587
26,12,163,530
26,12,35,482
26,11,67,312
154,11,35,272
26,11,99,364
154,748,163,508
26,746,35,268
26,746,163,284
154,748,35,366
26,748,99,445
154,748,35,396
26,747,99,474
26,747,163,485
154,747,35,500
26,748,99,515
154,748,35,527
26,748,99,539
58,747,163,551
26,746,35,625
26,746,99,574
154,748,35,651
26,716,99,596
154,748,163,671
26,747,99,617
26,747,163,753
154,746,35,765
26,748,99,647
154,747,163,528
26,748,99,666
26,747,163,545
154,746,35,616
26,12,99,524
154,12,35,655
26,11,99,537
58,11,163,488
26,11,99,443
26,11,163,273
154,11,35,495
26,748,99,504
154,748,35,267
26,747,99,411
26,747,163,298
26,747,35,377
26,747,99,458
154,748,35,408
26,717,99,486
58,747,163,499
26,747,35,511
26,747,67,524
154,747,35,538
26,748,99,550
154,747,163,626
26,748,99,573
26,747,163,711
154,746,35,657
26,748,99,605
154,748,163,744
26,747,99,627
26,748,163,765
26,747,35,516
26,747,99,653
154,748,35,536
26,748,99,673
26,748,163,554
26,12,35,527
26,13,99,719
154,12,35,536
26,12,99,488
154,11,163,380
26,12,99,403
26,10,163,495
26,746,35,503
26,747,99,393
154,748,35,284
26,747,99,428
26,747,163,315
26,747,35,395
26,746,99,470
154,747,35,484
26,749,99,500
26,747,163,513
26,748,35,525
26,748,163,539
154,746,35,612
26,748,99,560
154,747,163,638
26,748,99,585
26,748,163,723
26,747,35,670
26,747,99,614
154,748,163,754
26,748,99,637
26,747,163,518
26,748,35,527
26,747,99,536
154,747,163,542
26,747,99,680
26,12,163,521
26,13,35,651
26,12,67,532
154,11,35,484
26,12,99,438
154,11,163,271
26,11,99,364
26,748,163,506
26,747,35,268
26,747,99,285
154,746,35,364
26,747,99,443
26,748,163,460
26,747,35,409
26,748,67,488
154,748,35,499
26,747,99,511
26,748,163,527
26,749,35,572
26,747,163,552
154,748,35,628
26,746,99,573
58,746,163,711
26,747,35,596
26,747,163,735
154,747,35,745
26,748,99,628
154,747,163,763
26,746,35,644
26,748,163,528
154,748,35,537
26,748,99,675
154,747,35,619
26,13,99,647
26,12,163,712
26,11,35,533
26,12,67,483
154,12,35,376
26,11,99,400
154,11,163,491
26,747,99,379
26,748,163,269
154,748,35,286
26,748,99,301
154,748,35,382
26,747,99,459
26,747,163,473
26,749,35,488
26,748,99,501
154,748,35,515
26,748,99,527
26,747,163,538
26,747,35,614
26,748,99,565
154,747,35,639
26,716,99,587
58,747,163,725
26,747,35,670
26,747,99,744
154,749,35,756
26,716,99,638
154,747,163,519
26,747,35,656
26,746,67,535
154,747,35,609
26,747,99,684
154,12,163,513
26,12,99,582
26,12,163,527
26,12,35,413
26,10,99,307
154,10,35,267
26,12,99,360
58,747,163,509
26,746,35,270
26,746,67,285
154,747,35,366
26,748,99,447
154,748,163,397
26,747,99,476
26,748,163,488
154,747,35,501
26,748,99,516
154,749,35,528
26,749,99,540
26,748,163,553
26,747,35,627
26,746,99,573
154,748,35,651
26,748,99,597
26,748,163,737
26,747,35,746
26,747,99,755
154,746,35,763
26,747,99,648
26,748,163,530
26,747,35,538
26,748,99,547
154,746,35,617
26,12,99,648
58,13,163,717
26,12,35,533
26,11,163,485
154,12,35,376
26,11,99,400
154,11,35,492
26,748,99,379
26,748,163,268
26,748,35,286
26,748,99,302
154,746,35,379
26,747,99,458
26,747,163,475
26,748,35,455
26,748,67,501
154,748,35,515
26,747,99,525
26,748,163,538
26,748,35,616
26,747,99,563
154,748,35,639
26,748,99,585
26,747,163,723
26,746,35,671
26,748,99,746
154,748,35,755
26,748,99,638
26,748,163,519
154,747,35,526
26,747,99,665
154,748,163,611
26,748,99,682
26,13,163,520
26,12,35,650
26,13,99,530
154,11,35,483
26,11,99,440
26,11,163,272
26,12,35,461
26,746,67,507
154,746,35,266
26,747,99,412
58,748,163,301
26,749,35,445
26,748,163,460
154,748,35,408
26,746,99,485
154,747,163,500
26,748,99,514
26,748,163,527
154,748,35,540
26,747,99,550
154,747,163,625
26,748,99,574
26,749,163,714
154,749,35,661
26,747,99,736
154,747,163,744
26,746,99,626
26,747,163,765
154,748,35,520
26,748,99,657
154,748,163,538
26,747,99,671
26,746,163,551
154,13,35,522
26,12,99,715
154,12,35,533
26,12,99,484
58,11,163,311
26,11,35,399
26,10,163,493
154,748,35,507
26,747,99,267
154,748,35,285
26,747,99,428
26,747,163,315
26,748,35,395
26,748,99,473
154,748,35,487
26,748,99,501
26,747,163,511
26,748,35,525
26,748,67,540
154,748,35,615
26,747,99,562
154,748,163,638
26,747,35,583
26,747,163,723
154,748,35,671
26,748,99,618
154,748,35,755
26,748,99,637
26,746,163,517
154,746,35,527
26,747,99,537
154,748,35,610
26,748,99,683
26,12,163,519
26,11,35,648
26,11,163,531
154,12,35,483
26,12,99,311
154,12,35,270
26,12,99,363
26,747,163,506
26,747,35,268
26,748,163,286
154,748,35,366
26,747,99,445
154,747,163,395
26,746,99,472
26,747,163,487
26,747,35,502
26,749,99,515
154,748,35,527
26,715,99,539
58,747,163,549
26,748,35,563
26,747,163,575
154,748,35,650
26,747,99,725
154,746,163,670
26,746,99,615
26,748,163,756
26,748,35,766
26,747,99,520
154,748,35,529
26,747,99,664
26,747,163,544
26,747,35,587
26,12,67,515
154,12,35,646
26,13,99,528
154,11,163,415
26,11,99,436
26,10,163,270
26,11,35,489
26,748,99,508
154,747,35,270
26,746,99,414
26,747,163,301
26,748,35,383
26,747,99,461
154,747,35,411
26,747,99,490
26,747,163,500
26,747,35,514
26,748,99,529
154,749,35,541
26,748,99,553
26,748,163,565
26,746,35,637
26,747,99,714
154,748,35,662
26,716,99,608
58,748,163,747
26,747,35,756
26,747,99,764
154,747,35,519
26,748,99,658
58,748,163,539
26,749,35,579
26,748,67,555
154,12,35,518
26,12,99,587
154,11,163,534
26,11,99,485
26,11,163,313
26,11,35,273
26,12,99,491
154,747,35,507
26,747,99,398
58,747,163,287
26,747,35,333
26,747,67,316
154,746,35,394
26,748,99,473
58,748,163,489
26,748,35,501
26,748,67,514
154,746,35,527
26,747,99,538
26,747,163,552
26,748,35,628
26,748,67,704
154,749,35,651
26,715,99,595
26,746,163,733
26,747,35,746
26,749,99,756
154,748,35,765
26,748,99,647
26,746,163,527
26,746,35,535
26,748,99,547
154,748,35,619
26,12,99,647
58,12,163,713
26,12,35,530
26,12,163,481
154,12,35,375
26,11,99,271
154,11,35,492
26,748,99,380
26,746,163,268
26,747,35,285
26,747,99,302
154,748,35,381
26,747,99,459
58,747,163,475
26,747,35,486
26,748,99,501
154,748,35,515
26,716,99,527
58,748,163,539
26,748,35,552
26,747,67,562
154,747,35,637
26,716,99,587
58,748,163,725
26,748,35,608
26,747,163,745
154,746,35,753
26,715,99,637
58,748,163,521
26,748,35,657
26,748,163,538
154,747,35,609
26,747,99,680
154,12,163,519
26,13,99,588
26,12,163,532
26,12,35,485
26,11,99,312
154,12,35,271
26,11,99,364
154,748,163,508
26,747,99,396
26,747,163,284
154,747,35,364
26,747,99,443
154,747,163,395
26,748,99,474
26,748,163,487
26,747,35,500
26,746,99,513
154,746,163,524
26,747,99,539
26,748,163,551
26,748,35,627
26,748,99,574
154,747,35,648
26,747,99,595
26,748,163,735
26,748,35,745
26,747,99,755
154,748,35,765
26,747,99,645
26,747,163,525
26,747,35,537
26,747,99,547
154,748,35,619
26,13,99,649
26,12,163,714
26,11,35,531
26,12,67,484
154,12,35,376
26,10,99,399
154,12,163,491
26,746,35,377
26,747,163,267
154,748,35,285
26,747,99,429
154,748,35,380
26,749,99,460
26,746,163,473
154,746,35,486
26,748,99,502
154,749,35,514
26,747,99,527
26,748,163,540
26,747,35,613
26,746,99,561
154,747,35,639
26,748,99,586
58,748,163,724
26,748,35,704
26,746,99,743
154,747,35,754
26,748,99,639
26,748,163,520
26,748,35,529
26,747,99,537
154,746,35,608
26,747,99,681
26,12,163,518
26,13,35,649
26,12,67,531
154,12,35,481
26,11,99,437
154,11,163,270
26,11,99,363
26,748,163,508
154,748,35,270
26,747,99,413
154,747,163,364
26,747,99,445
26,747,163,460
154,747,35,410
26,748,99,489
154,748,163,500
26,746,99,512
26,747,163,527
154,749,35,541
26,748,99,551
154,748,35,628
26,747,99,574
26,746,163,711
154,747,35,660
26,748,99,736
154,747,35,747
26,747,99,628
26,747,163,764
154,746,35,517
26,747,99,657
154,747,35,538
26,748,99,675
26,747,163,555
26,12,35,518
26,12,99,713
154,11,35,533
26,12,99,483
154,11,163,376
26,12,99,400
26,11,163,491
154,746,35,506
26,748,99,397
154,748,35,286
26,748,99,430
26,747,163,317
26,747,35,394
26,747,99,473
154,748,35,489
26,747,99,502
26,748,163,514
26,748,35,560
26,746,99,538
154,746,35,615
26,715,99,564
58,748,163,575
26,747,35,586
26,747,163,726
154,746,35,669
26,715,99,617
58,748,163,757
26,748,35,638
26,748,163,520
154,747,35,528
26,746,99,664
154,747,163,545
26,748,99,684
26,13,163,515
26,11,35,647
26,12,99,528
154,11,35,414
26,11,99,436
154,12,163,268
26,12,99,362
26,748,163,509
154,747,35,269
26,747,99,413
154,747,163,367
26,748,99,445
26,748,163,461
26,748,35,411
26,747,99,488
154,747,35,499
26,748,99,515
26,749,163,529
26,748,35,540
26,748,99,553
154,748,35,628
26,746,99,574
26,748,163,715
26,748,35,662
26,748,67,736
154,748,35,747
26,714,99,627
26,746,163,763
26,747,35,520
26,748,67,529
154,747,35,539
26,715,99,676
58,748,163,553
26,14,35,519
26,12,163,715
154,13,35,533
26,12,99,484
154,11,35,376
26,11,99,399
26,12,163,492
26,747,35,508
26,748,163,270
154,748,35,285
26,748,99,430
154,747,163,380
26,746,99,458
26,747,163,474
154,748,35,488
26,748,99,501
154,748,35,515
26,747,99,526
26,747,163,538
26,748,35,616
26,748,99,564
154,747,35,640
26,716,99,586
26,746,163,723
26,747,35,670
26,748,67,746
154,747,35,755
26,715,99,638
154,747,163,518
26,746,35,526
26,747,67,536
154,748,35,611
26,748,99,682
154,13,163,521
26,13,99,588
26,11,163,531
26,11,35,483
26,11,67,312
154,11,35,271
26,11,99,364
154,747,163,507
26,746,35,396
26,748,163,285
154,748,35,365
26,748,99,444
154,747,35,395
26,748,99,472
26,747,163,485
26,747,35,500
26,748,99,514
154,748,35,527
26,716,99,539
154,747,163,550
26,746,35,624
26,747,163,574
154,748,35,650
26,748,99,597
154,748,163,736
26,747,99,616
26,746,163,754
154,748,35,765
26,748,99,520
154,748,35,528
26,748,99,666
26,746,163,544
154,746,35,616
26,12,99,522
154,12,35,651
26,11,99,533
26,12,163,484
26,12,35,375
26,11,67,271
154,12,35,492
26,748,99,379
154,748,163,268
26,748,99,413
26,747,163,300
154,747,35,379
26,747,99,459
154,747,35,409
26,747,99,488
26,748,163,501
26,746,35,511
26,747,99,524
154,748,35,540
26,748,99,552
26,748,163,563
26,747,35,639
26,747,99,712
154,747,35,658
26,747,99,607
26,747,163,745
26,748,35,755
26,747,99,764
154,747,35,517
26,746,99,654
26,749,163,538
26,747,35,578
26,747,67,554
154,12,35,521
26,12,99,584
154,12,163,531
26,11,99,483
26,12,163,311
26,12,35,271
26,12,99,491
154,746,35,506
26,748,99,396
58,748,163,285
26,748,35,429
26,748,163,317
154,747,35,395
26,715,99,472
58,747,163,487
26,748,35,501
26,748,163,515
154,748,35,528
26,747,99,539
58,747,163,550
26,748,35,626
26,748,67,575
154,748,35,650
26,748,99,597
58,747,163,735
26,746,35,743
0,128,0,0
0,0,0,0
0,0,0,0
0,0,0,0
0,0,0,0
0,0,0,0
