1.8505859375,3.6474609375
1.9091796875,3.6376953125
2.0068359375,3.642578125
2.1142578125,3.65234375
2.2021484375,3.662109375
2.294921875,3.65234375
2.3681640625,3.6376953125
2.4462890625,3.6474609375
2.548828125,3.65234375
2.6220703125,3.65234375
2.685546875,3.6474609375
2.744140625,3.6376953125
2.8125,3.65234375
2.900390625,3.65234375
2.9638671875,3.65234375
3.0029296875,3.6474609375
3.0615234375,3.6328125
3.134765625,3.6474609375
3.193359375,3.65234375
3.2470703125,3.65234375
3.2666015625,3.642578125
3.3203125,3.6328125
3.2470703125,0.087890625
2.9345703125,0.0830078125
2.666015625,0.078125
2.40234375,0.078125
2.1875,0.078125
2.01171875,0.0732421875
1.8359375,0.0732421875
1.8115234375,3.6474609375
1.904296875,3.6376953125
2.0068359375,3.642578125
2.1142578125,3.65234375
2.2021484375,3.662109375
2.294921875,3.6474609375
2.36328125,3.6376953125
2.4462890625,3.65234375
2.548828125,3.65234375
2.6220703125,3.65234375
2.6806640625,3.642578125
2.744140625,3.6376953125
2.8173828125,3.65234375
2.900390625,3.65234375
2.9638671875,3.65234375
2.998046875,3.642578125
3.0615234375,3.6328125
3.1396484375,3.65234375
3.193359375,3.65234375
3.2470703125,3.65234375
3.26171875,3.642578125
3.3251953125,3.6376953125
3.2470703125,0.0830078125
2.9296875,0.078125
2.6611328125,0.078125
2.3974609375,0.078125
2.1923828125,0.078125
2.01171875,0.078125
1.8310546875,0.0732421875
1.8115234375,3.642578125
1.904296875,3.6328125
2.01171875,3.6474609375
2.119140625,3.65234375
2.2021484375,3.6572265625
2.28515625,3.6474609375
2.36328125,3.642578125
2.451171875,3.65234375
2.548828125,3.65234375
2.6220703125,3.6572265625
2.67578125,3.642578125
2.744140625,3.6376953125
2.822265625,3.6572265625
2.9052734375,3.65234375
2.9638671875,3.65234375
2.998046875,3.642578125
3.06640625,3.6376953125
3.1396484375,3.65234375
3.193359375,3.6572265625
3.2470703125,3.65234375
3.2666015625,3.6376953125
3.330078125,3.642578125
3.2373046875,0.087890625
2.919921875,0.078125
2.646484375,0.078125
2.3828125,0.078125
2.1875,0.078125
2.001953125,0.078125
1.826171875,0.0732421875
1.8115234375,3.6376953125
1.9091796875,3.6376953125
2.021484375,3.65234375
2.1240234375,3.65234375
2.20703125,3.6572265625
2.28515625,3.642578125
2.3681640625,3.6376953125
2.4560546875,3.6572265625
2.548828125,3.65234375
2.6220703125,3.65234375
2.67578125,3.6376953125
2.7490234375,3.642578125
2.8271484375,3.6572265625
2.9052734375,3.65234375
2.9638671875,3.6474609375
2.998046875,3.642578125
3.0712890625,3.642578125
3.1396484375,3.65234375
3.193359375,3.6572265625
3.2373046875,3.6474609375
3.2568359375,3.642578125
3.330078125,3.6474609375
3.2958984375,0.0830078125
2.96875,0.0830078125
2.685546875,0.078125
2.4267578125,0.078125
2.2265625,0.078125
2.0361328125,0.078125
1.85546875,0.0732421875
1.787109375,3.6376953125
1.8896484375,3.6376953125
2.0068359375,3.65234375
2.1044921875,3.65234375
2.1875,3.6572265625
2.2705078125,3.642578125
2.3583984375,3.642578125
2.4462890625,3.6572265625
2.5390625,3.65234375
2.607421875,3.65234375
2.666015625,3.6376953125
2.744140625,3.642578125
2.8173828125,3.6572265625
2.8955078125,3.65234375
2.94921875,3.642578125
2.9833984375,3.6376953125
3.0712890625,3.6474609375
3.1298828125,3.65234375
3.18359375,3.6572265625
3.22265625,3.642578125
3.251953125,3.6376953125
3.330078125,3.65234375
3.3544921875,0.0830078125
3.0126953125,0.078125
2.7197265625,0.078125
2.4609375,0.078125
2.265625,0.078125
2.0654296875,0.078125
1.8798828125,0.0732421875
1.767578125,3.6328125
1.875,3.6376953125
1.9921875,3.65234375
2.0947265625,3.65234375
2.1728515625,3.65234375
2.255859375,3.6376953125
2.3486328125,3.6474609375
2.4365234375,3.6572265625
2.5244140625,3.65234375
2.5927734375,3.6474609375
2.6513671875,3.6376953125
2.7392578125,3.6474609375
2.8076171875,3.6572265625
2.8857421875,3.65234375
2.9296875,3.642578125
2.978515625,3.6376953125
3.06640625,3.6474609375
3.125,3.65234375
3.173828125,3.65234375
3.212890625,3.6376953125
3.2470703125,3.642578125
3.330078125,3.6474609375
3.3740234375,3.6572265625
3.056640625,0.0830078125
2.75390625,0.078125
2.4951171875,0.078125
2.294921875,0.078125
2.0947265625,0.078125
1.8994140625,0.0732421875
1.748046875,3.6328125
1.865234375,3.642578125
1.9775390625,3.65234375
2.080078125,3.65234375
2.158203125,3.6474609375
2.24609375,3.6376953125
2.34375,3.65234375
2.421875,3.6572265625
2.5146484375,3.6572265625
2.5732421875,3.642578125
2.6416015625,3.6376953125
2.734375,3.65234375
2.7978515625,3.6572265625
2.8759765625,3.65234375
2.919921875,3.6376953125
2.96875,3.642578125
3.0615234375,3.6474609375
3.115234375,3.65234375
3.1689453125,3.6572265625
3.203125,3.6376953125
3.2421875,3.6474609375
3.3251953125,3.65234375
3.369140625,3.6572265625
3.0908203125,0.0830078125
2.7880859375,0.078125
2.529296875,0.078125
2.3193359375,0.078125
2.1142578125,0.0732421875
1.9189453125,0.078125
1.7529296875,0.0732421875
1.8603515625,3.642578125
1.9677734375,3.65234375
2.0654296875,3.6572265625
2.1435546875,3.6474609375
2.2314453125,3.6376953125
2.333984375,3.65234375
2.412109375,3.662109375
2.5048828125,3.65234375
2.5634765625,3.642578125
2.6318359375,3.6376953125
2.724609375,3.65234375
2.7880859375,3.6572265625
2.8662109375,3.65234375
2.91015625,3.6376953125
2.9638671875,3.642578125
3.0517578125,3.65234375
3.1103515625,3.6572265625
3.1591796875,3.65234375
3.1982421875,3.6328125
3.2421875,3.6474609375
3.3203125,3.65234375
3.359375,3.65234375
3.1201171875,0.0830078125
2.8173828125,0.078125
2.5634765625,0.078125
2.34375,0.078125
2.138671875,0.0732421875
1.93359375,0.0732421875
1.7724609375,0.078125
1.8505859375,3.6474609375
1.953125,3.65234375
2.05078125,3.65234375
2.12890625,3.642578125
2.2216796875,3.6376953125
2.3291015625,3.6572265625
2.40234375,3.662109375
2.4951171875,3.65234375
2.5537109375,3.6376953125
2.626953125,3.642578125
2.7197265625,3.65234375
2.783203125,3.6572265625
2.8564453125,3.6474609375
2.900390625,3.6376953125
2.9638671875,3.6474609375
3.046875,3.65234375
3.1005859375,3.65234375
3.14453125,3.642578125
3.1884765625,3.6328125
3.2421875,3.65234375
3.3154296875,3.65234375
3.359375,3.65234375
3.14453125,0.078125
2.841796875,0.078125
2.587890625,0.0732421875
2.3681640625,0.078125
2.1533203125,0.078125
1.9482421875,0.0732421875
1.787109375,0.0732421875
1.8359375,3.65234375
1.943359375,3.65234375
2.0458984375,3.6474609375
2.119140625,3.642578125
2.2216796875,3.642578125
2.3193359375,3.6572265625
2.3974609375,3.662109375
2.48046875,3.65234375
2.5439453125,3.6376953125
2.626953125,3.6474609375
2.7099609375,3.6572265625
2.7734375,3.6572265625
2.841796875,3.642578125
2.8955078125,3.6376953125
2.9638671875,3.65234375
3.0419921875,3.65234375
3.095703125,3.65234375
3.134765625,3.6376953125
3.18359375,3.6376953125
3.2421875,3.6572265625
3.310546875,3.65234375
3.3544921875,3.65234375
3.173828125,0.0830078125
2.87109375,0.078125
2.6171875,0.078125
2.3876953125,0.078125
2.177734375,0.078125
1.962890625,0.0732421875
1.806640625,0.0732421875
1.826171875,3.65234375
1.93359375,3.65234375
2.03125,3.6474609375
2.109375,3.642578125
2.2119140625,3.6474609375
2.314453125,3.6572265625
2.3876953125,3.662109375
2.470703125,3.642578125
2.5341796875,3.6376953125
2.6220703125,3.65234375
2.705078125,3.65234375
2.7685546875,3.6572265625
2.83203125,3.6376953125
2.890625,3.6376953125
2.9638671875,3.65234375
3.037109375,3.65234375
3.0859375,3.65234375
3.125,3.6376953125
3.1787109375,3.6376953125
3.2421875,3.6572265625
3.3056640625,3.6474609375
3.349609375,3.65234375
3.203125,0.078125
2.9052734375,0.0830078125
2.6416015625,0.078125
2.412109375,0.078125
2.1923828125,0.078125
1.982421875,0.078125
1.8212890625,0.0732421875
1.8212890625,3.65234375
1.923828125,3.65234375
2.0166015625,3.642578125
2.099609375,3.642578125
2.2119140625,3.6474609375
2.3046875,3.6572265625
2.3828125,3.6572265625
2.4560546875,3.642578125
2.529296875,3.6376953125
2.6220703125,3.6572265625
2.7001953125,3.65234375
2.7587890625,3.6572265625
2.822265625,3.642578125
2.8857421875,3.6376953125
2.958984375,3.6572265625
3.0322265625,3.65234375
3.0810546875,3.65234375
3.1201171875,3.6376953125
3.1787109375,3.642578125
3.2373046875,3.6572265625
3.3056640625,3.65234375
3.3349609375,3.6474609375
3.2275390625,0.078125
2.9296875,0.078125
2.6611328125,0.078125
2.4267578125,0.078125
2.2021484375,0.078125
1.9921875,0.078125
1.8359375,0.0732421875
1.806640625,3.65234375
1.9140625,3.65234375
2.0068359375,3.6376953125
2.0947265625,3.642578125
2.20703125,3.65234375
2.294921875,3.6572265625
2.373046875,3.662109375
2.451171875,3.6376953125
2.5244140625,3.642578125
2.6171875,3.6572265625
2.6953125,3.65234375
2.75390625,3.6572265625
2.8125,3.6376953125
2.8857421875,3.642578125
2.9541015625,3.6572265625
3.02734375,3.6572265625
3.06640625,3.6474609375
3.115234375,3.6376953125
3.18359375,3.642578125
3.2373046875,3.6572265625
3.30078125,3.65234375
3.3251953125,3.642578125
3.251953125,0.0830078125
2.958984375,0.078125
2.6806640625,0.078125
2.44140625,0.078125
2.2119140625,0.078125
2.0068359375,0.078125
1.85546875,0.0732421875
1.8017578125,3.65234375
1.9091796875,3.65234375
1.9970703125,3.6376953125
2.08984375,3.642578125
2.2021484375,3.65234375
2.2900390625,3.6572265625
2.3681640625,3.6572265625
2.44140625,3.6376953125
2.5244140625,3.642578125
2.6123046875,3.6572265625
2.6904296875,3.6572265625
2.744140625,3.65234375
2.8076171875,3.6376953125
2.8857421875,3.6474609375
2.9541015625,3.6572265625
3.0224609375,3.65234375
3.056640625,3.6474609375
3.1103515625,3.6376953125
3.18359375,3.6474609375
3.232421875,3.6572265625
3.2958984375,3.65234375
3.3203125,3.6376953125
3.2763671875,0.078125
2.9833984375,0.078125
2.7001953125,0.078125
2.4560546875,0.078125
2.2216796875,0.0732421875
2.021484375,0.078125
1.865234375,0.078125
1.7919921875,3.65234375
1.8994140625,3.6474609375
1.9921875,3.6376953125
2.0849609375,3.6474609375
2.197265625,3.65234375
2.28515625,3.65234375
2.3583984375,3.65234375
2.4365234375,3.6376953125
2.51953125,3.6474609375
2.607421875,3.6572265625
2.685546875,3.6572265625
2.734375,3.6474609375
2.802734375,3.6376953125
2.8857421875,3.65234375
2.94921875,3.6572265625
3.017578125,3.65234375
3.046875,3.642578125
3.1103515625,3.6376953125
3.18359375,3.65234375
3.232421875,3.6572265625
3.291015625,3.65234375
3.3154296875,3.6376953125
3.291015625,0.078125
2.9931640625,0.078125
2.7099609375,0.078125
2.4609375,0.078125
2.2265625,0.078125
2.03125,0.0732421875
1.8701171875,0.0732421875
1.787109375,3.65234375
1.89453125,3.6474609375
1.9873046875,3.6328125
2.0849609375,3.65234375
2.197265625,3.65234375
2.28515625,3.65234375
2.353515625,3.6474609375
2.431640625,3.6376953125
2.5244140625,3.65234375
2.607421875,3.6572265625
2.685546875,3.6572265625
2.7294921875,3.642578125
2.802734375,3.6376953125
2.8857421875,3.65234375
2.94921875,3.6572265625
3.0126953125,3.65234375
3.046875,3.642578125
3.1103515625,3.6376953125
3.1884765625,3.65234375
3.2275390625,3.6572265625
3.291015625,3.6474609375
3.310546875,3.6376953125
3.30078125,0.078125
2.998046875,0.078125
2.7099609375,0.078125
2.4609375,0.078125
2.2314453125,0.0732421875
2.0361328125,0.078125
1.875,0.078125
1.787109375,3.65234375
1.8896484375,3.642578125
1.982421875,3.6328125
2.08984375,3.65234375
2.197265625,3.65234375
2.2802734375,3.6572265625
2.34375,3.6474609375
2.431640625,3.6376953125
2.5244140625,3.65234375
2.607421875,3.6572265625
2.6806640625,3.65234375
2.724609375,3.642578125
2.8076171875,3.6376953125
2.8857421875,3.65234375
2.9443359375,3.6572265625
3.0126953125,3.6474609375
3.0419921875,3.6376953125
3.115234375,3.642578125
3.18359375,3.65234375
3.2275390625,3.6572265625
3.28125,3.642578125
3.310546875,3.6328125
3.3056640625,0.0830078125
2.998046875,0.078125
2.7099609375,0.078125
2.451171875,0.078125
2.2265625,0.078125
2.041015625,0.078125
1.875,0.078125
1.787109375,3.65234375
1.884765625,3.6376953125
1.9873046875,3.6376953125
2.08984375,3.6572265625
2.197265625,3.6572265625
2.2802734375,3.65234375
2.34375,3.642578125
2.4365234375,3.6376953125
2.529296875,3.65234375
2.607421875,3.6572265625
2.6806640625,3.65234375
2.724609375,3.642578125
2.8125,3.642578125
2.890625,3.65234375
2.94921875,3.6572265625
3.0029296875,3.642578125
3.0419921875,3.6376953125
3.125,3.6474609375
3.1884765625,3.65234375
3.2275390625,3.6572265625
3.2763671875,3.642578125
3.310546875,3.6328125
3.2958984375,0.0830078125
2.9833984375,0.078125
2.6953125,0.078125
2.44140625,0.078125
2.2216796875,0.078125
2.0361328125,0.078125
1.8701171875,0.0732421875
1.7919921875,3.65234375
1.8896484375,3.6376953125
1.9921875,3.6376953125
2.0947265625,3.6572265625
2.197265625,3.65234375
2.28515625,3.65234375
2.3486328125,3.642578125
2.44140625,3.6474609375
2.529296875,3.6572265625
2.607421875,3.6572265625
2.67578125,3.6474609375
2.724609375,3.642578125
2.822265625,3.642578125
2.890625,3.65234375
2.94921875,3.6572265625
2.998046875,3.642578125
3.0419921875,3.6376953125
3.125,3.65234375
3.1884765625,3.65234375
3.2275390625,3.6572265625
3.2666015625,3.6376953125
3.3056640625,3.642578125
3.359375,0.0830078125
3.0322265625,0.078125
2.7392578125,0.078125
2.4755859375,0.078125
2.255859375,0.078125
2.0654296875,0.078125
1.89453125,0.0732421875
1.7724609375,3.6474609375
1.8701171875,3.6376953125
1.982421875,3.642578125
2.080078125,3.6572265625
2.1826171875,3.65234375
2.265625,3.6474609375
2.333984375,3.642578125
2.4365234375,3.6474609375
2.51953125,3.6572265625
2.59765625,3.6572265625
2.6611328125,3.642578125
2.71484375,3.642578125
2.8125,3.6474609375
2.880859375,3.65234375
2.939453125,3.65234375
2.98828125,3.6376953125
3.0322265625,3.642578125
3.1201171875,3.65234375
3.1787109375,3.65234375
3.2177734375,3.6572265625
3.26171875,3.6376953125
3.3056640625,3.642578125
3.369140625,3.65234375
3.0712890625,0.0830078125
2.7685546875,0.078125
2.5048828125,0.078125
2.28515625,0.078125
2.08984375,0.078125
1.9140625,0.0732421875
1.748046875,3.642578125
1.85546875,3.6328125
1.97265625,3.6474609375
2.0703125,3.6572265625
2.1728515625,3.65234375
2.2509765625,3.642578125
2.32421875,3.642578125
2.4267578125,3.65234375
2.509765625,3.6572265625
2.587890625,3.6572265625
2.646484375,3.642578125
2.705078125,3.642578125
2.8076171875,3.65234375
2.8759765625,3.65234375
2.9296875,3.65234375
2.978515625,3.6376953125
3.0322265625,3.642578125
3.115234375,3.65234375
3.173828125,3.65234375
3.2080078125,3.65234375
3.251953125,3.6328125
3.310546875,3.6474609375
3.3642578125,3.65234375
3.1005859375,0.0830078125
2.783203125,0.078125
2.529296875,0.078125
2.314453125,0.078125
2.109375,0.078125
1.9287109375,0.0732421875
1.7529296875,0.0732421875
1.845703125,3.6376953125
1.9677734375,3.65234375
2.060546875,3.6572265625
2.1630859375,3.65234375
2.236328125,3.6376953125
2.3193359375,3.642578125
2.421875,3.65234375
2.5,3.6572265625
2.578125,3.65234375
2.63671875,3.6376953125
2.705078125,3.6474609375
2.802734375,3.65234375
2.8662109375,3.65234375
2.919921875,3.6474609375
2.96875,3.6376953125
3.0322265625,3.65234375
3.1103515625,3.65234375
3.1640625,3.65234375
3.193359375,3.6474609375
3.2470703125,3.6328125
3.3056640625,3.6474609375
3.359375,3.65234375
3.1396484375,0.0830078125
2.8125,0.078125
2.55859375,0.078125
2.34375,0.078125
2.12890625,0.078125
1.9482421875,0.0732421875
1.7724609375,0.0732421875
1.8359375,3.6376953125
1.953125,3.65234375
2.05078125,3.6572265625
2.1484375,3.6474609375
2.2265625,3.6376953125
2.3095703125,3.6474609375
2.412109375,3.65234375
2.490234375,3.6572265625
2.5634765625,3.65234375
2.626953125,3.6376953125
2.7001953125,3.65234375
2.79296875,3.65234375
2.861328125,3.65234375
2.9052734375,3.6474609375
2.958984375,3.6376953125
3.02734375,3.65234375
3.10546875,3.65234375
3.1591796875,3.65234375
3.18359375,3.642578125
3.2421875,3.6328125
3.3056640625,3.65234375
3.3544921875,3.65234375
3.1787109375,0.0830078125
2.8466796875,0.078125
2.5927734375,0.078125
2.373046875,0.078125
2.158203125,0.078125
1.97265625,0.0732421875
1.787109375,0.0732421875
1.8212890625,3.642578125
1.943359375,3.65234375
2.0361328125,3.6572265625
2.1337890625,3.6474609375
2.2119140625,3.6376953125
2.3046875,3.65234375
2.40234375,3.65234375
2.48046875,3.6572265625
2.548828125,3.6474609375
2.6171875,3.6376953125
2.6953125,3.65234375
2.783203125,3.65234375
2.8515625,3.65234375
2.8955078125,3.642578125
2.9541015625,3.6376953125
3.02734375,3.6572265625
3.095703125,3.65234375
3.1494140625,3.65234375
3.173828125,3.642578125
3.2373046875,3.6376953125
3.3056640625,3.65234375
3.349609375,3.65234375
3.212890625,0.0830078125
2.87109375,0.078125
2.6220703125,0.078125
2.3974609375,0.078125
2.177734375,0.078125
1.9873046875,0.078125
1.8017578125,0.0732421875
1.81640625,3.6474609375
1.93359375,3.65234375
2.0263671875,3.6572265625
2.119140625,3.642578125
2.2021484375,3.6376953125
2.2998046875,3.6572265625
2.3974609375,3.6572265625
2.470703125,3.6572265625
2.5390625,3.642578125
2.607421875,3.6376953125
2.6904296875,3.6572265625
2.7783203125,3.65234375
2.841796875,3.65234375
2.8857421875,3.6376953125
2.9541015625,3.6376953125
3.0224609375,3.6572265625
3.0908203125,3.65234375
3.14453125,3.6474609375
3.1689453125,3.642578125
3.2373046875,3.642578125
3.30078125,3.65234375
3.3447265625,3.65234375
3.2421875,0.0830078125
2.9052734375,0.078125
2.65625,0.078125
2.421875,0.078125
2.2021484375,0.078125
2.0068359375,0.078125
1.8212890625,0.0732421875
1.806640625,3.65234375
1.9189453125,3.65234375
2.0166015625,3.6572265625
2.109375,3.642578125
2.1923828125,3.6376953125
2.294921875,3.6572265625
2.3876953125,3.6572265625
2.4609375,3.6572265625
2.529296875,3.6376953125
2.607421875,3.642578125
2.685546875,3.6572265625
2.7734375,3.65234375
2.83203125,3.65234375
2.8759765625,3.6376953125
2.94921875,3.642578125
3.017578125,3.6572265625
3.0859375,3.65234375
3.134765625,3.6474609375
3.1591796875,3.642578125
3.2373046875,3.642578125
3.2958984375,3.65234375
3.33984375,3.65234375
3.2666015625,0.078125
2.9296875,0.078125
2.685546875,0.078125
2.44140625,0.078125
2.216796875,0.078125
2.0166015625,0.078125
1.8359375,0.0732421875
1.8017578125,3.65234375
1.9091796875,3.65234375
2.0068359375,3.6572265625
2.0947265625,3.6376953125
2.1875,3.642578125
2.28515625,3.6572265625
2.3779296875,3.6572265625
2.4462890625,3.6572265625
2.51953125,3.642578125
2.6025390625,3.642578125
2.6806640625,3.6572265625
2.763671875,3.65234375
2.822265625,3.642578125
2.87109375,3.6376953125
2.94921875,3.6474609375
3.0126953125,3.6572265625
3.0810546875,3.65234375
3.1201171875,3.642578125
3.1591796875,3.6376953125
3.2373046875,3.6474609375
3.291015625,3.65234375
3.3349609375,3.65234375
3.291015625,0.087890625
2.9541015625,0.078125
2.7099609375,0.078125
2.4609375,0.078125
2.236328125,0.078125
2.03125,0.0732421875
1.85546875,0.078125
1.787109375,3.65234375
1.904296875,3.65234375
1.9921875,3.65234375
2.08984375,3.6328125
2.1826171875,3.642578125
2.2802734375,3.6572265625
2.373046875,3.6572265625
2.4365234375,3.65234375
2.509765625,3.642578125
2.6025390625,3.6474609375
2.67578125,3.662109375
2.7587890625,3.65234375
2.8125,3.642578125
2.8662109375,3.6376953125
2.94921875,3.65234375
3.0078125,3.6572265625
3.0712890625,3.65234375
3.115234375,3.6376953125
3.154296875,3.642578125
3.2421875,3.6474609375
3.2861328125,3.6572265625
3.330078125,3.6572265625
3.310546875,0.078125
2.978515625,0.078125
2.7294921875,0.078125
2.48046875,0.078125
2.2509765625,0.078125
2.041015625,0.0732421875
1.865234375,0.0732421875
1.7822265625,3.65234375
1.89453125,3.65234375
1.982421875,3.6474609375
2.080078125,3.6328125
2.1826171875,3.6474609375
2.275390625,3.6572265625
2.36328125,3.6572265625
2.4267578125,3.6474609375
2.5048828125,3.642578125
2.6025390625,3.65234375
2.6708984375,3.6572265625
2.75390625,3.65234375
2.802734375,3.6376953125
2.861328125,3.642578125
2.94921875,3.65234375
3.0029296875,3.6572265625
3.0712890625,3.65234375
3.10546875,3.6376953125
3.154296875,3.642578125
3.2373046875,3.65234375
3.2861328125,3.65234375
3.3251953125,3.65234375
3.3349609375,0.0830078125
3.0029296875,0.078125
2.744140625,0.078125
2.4951171875,0.078125
2.255859375,0.078125
2.05078125,0.0732421875
1.8798828125,0.0732421875
1.77734375,3.65234375
1.8896484375,3.65234375
1.97265625,3.6474609375
2.0751953125,3.6328125
2.177734375,3.65234375
2.2705078125,3.6572265625
2.3583984375,3.65234375
2.4169921875,3.642578125
2.5,3.642578125
2.59765625,3.65234375
2.666015625,3.6572265625
2.7490234375,3.65234375
2.7978515625,3.6376953125
2.861328125,3.642578125
2.9443359375,3.65234375
2.998046875,3.6572265625
3.0615234375,3.6474609375
3.1005859375,3.6376953125
3.154296875,3.6474609375
3.2373046875,3.65234375
3.28125,3.65234375
3.3154296875,3.6474609375
3.349609375,0.078125
3.0224609375,0.078125
2.7587890625,0.078125
2.5048828125,0.078125
2.2607421875,0.078125
2.060546875,0.0732421875
1.8896484375,0.0732421875
1.7724609375,3.65234375
1.884765625,3.65234375
1.9677734375,3.642578125
2.0703125,3.6376953125
2.177734375,3.65234375
2.265625,3.6572265625
2.353515625,3.6572265625
2.412109375,3.642578125
2.5,3.642578125
2.59765625,3.65234375
2.6611328125,3.6572265625
2.744140625,3.6474609375
2.7880859375,3.6376953125
2.8662109375,3.642578125
2.9443359375,3.6474609375
2.998046875,3.6572265625
3.056640625,3.6474609375
3.1005859375,3.6376953125
3.1591796875,3.65234375
3.232421875,3.65234375
3.28125,3.65234375
3.3056640625,3.642578125
3.349609375,0.078125
3.02734375,0.078125
2.763671875,0.078125
2.5048828125,0.078125
2.2607421875,0.078125
2.0654296875,0.078125
1.89453125,0.0732421875
1.767578125,3.6572265625
1.8798828125,3.65234375
1.962890625,3.642578125
2.0751953125,3.6376953125
2.177734375,3.65234375
2.265625,3.6572265625
2.353515625,3.65234375
2.412109375,3.642578125
2.5048828125,3.6474609375
2.5927734375,3.6572265625
2.6611328125,3.6572265625
2.734375,3.642578125
2.7880859375,3.6376953125
2.87109375,3.65234375
2.9443359375,3.65234375
2.9931640625,3.6572265625
3.046875,3.642578125
3.1005859375,3.6328125
3.1640625,3.6572265625
3.232421875,3.65234375
3.2763671875,3.65234375
3.30078125,3.642578125
3.349609375,3.642578125
3.037109375,0.0830078125
2.763671875,0.078125
2.509765625,0.078125
2.2607421875,0.078125
2.0703125,0.078125
1.89453125,0.0732421875
1.767578125,3.65234375
1.8798828125,3.6474609375
1.962890625,3.642578125
2.0751953125,3.642578125
2.177734375,3.65234375
2.265625,3.6572265625
2.34375,3.65234375
2.4072265625,3.642578125
2.509765625,3.6474609375
2.5927734375,3.6572265625
2.6611328125,3.662109375
2.7294921875,3.6376953125
2.7880859375,3.6376953125
2.87109375,3.65234375
2.9443359375,3.65234375
2.9931640625,3.6572265625
3.0419921875,3.642578125
3.1005859375,3.6376953125
3.1640625,3.6572265625
3.232421875,3.65234375
3.28125,3.65234375
3.30078125,3.6376953125
3.3544921875,0.078125
3.02734375,0.0830078125
2.7587890625,0.078125
2.4951171875,0.078125
2.255859375,0.078125
2.0703125,0.078125
1.89453125,0.0732421875
1.767578125,3.65234375
1.875,3.642578125
1.9677734375,3.6376953125
2.0849609375,3.6474609375
2.1826171875,3.65234375
2.265625,3.6572265625
2.3388671875,3.642578125
2.412109375,3.642578125
2.5146484375,3.65234375
2.59765625,3.6572265625
2.6611328125,3.6572265625
2.7294921875,3.6376953125
2.79296875,3.6376953125
2.8759765625,3.65234375
2.9443359375,3.65234375
2.9931640625,3.6572265625
3.0419921875,3.6376953125
3.10546875,3.642578125
3.1689453125,3.6572265625
3.232421875,3.6572265625
3.271484375,3.6474609375
3.2958984375,3.6376953125
3.3544921875,3.6474609375
3.0810546875,0.0830078125
2.802734375,0.0830078125
2.529296875,0.078125
2.28515625,0.078125
2.1044921875,0.078125
1.9189453125,0.0732421875
1.7578125,0.078125
1.85546875,3.6376953125
1.9482421875,3.642578125
2.0703125,3.6474609375
2.16796875,3.65234375
2.2509765625,3.6572265625
2.32421875,3.642578125
2.3974609375,3.6474609375
2.5048828125,3.65234375
2.5830078125,3.6572265625
2.6513671875,3.6572265625
2.71484375,3.6376953125
2.7880859375,3.642578125
2.8662109375,3.65234375
2.9345703125,3.65234375
2.978515625,3.65234375
3.0322265625,3.6376953125
3.1005859375,3.6474609375
3.1591796875,3.6572265625
3.22265625,3.65234375
3.2568359375,3.642578125
3.2861328125,3.6376953125
3.3544921875,3.65234375
3.125,0.078125
2.841796875,0.087890625
2.55859375,0.078125
2.3193359375,0.078125
2.1337890625,0.078125
1.943359375,0.078125
1.77734375,0.078125
1.8408203125,3.6376953125
1.9384765625,3.642578125
2.0556640625,3.65234375
2.1533203125,3.65234375
2.2412109375,3.65234375
2.3095703125,3.642578125
2.392578125,3.6474609375
2.4951171875,3.65234375
2.5732421875,3.65234375
2.6318359375,3.65234375
2.705078125,3.6376953125
2.783203125,3.642578125
2.8564453125,3.65234375
2.9248046875,3.65234375
2.9638671875,3.6474609375
3.0224609375,3.6376953125
3.1005859375,3.6474609375
3.1494140625,3.6572265625
3.2177734375,3.65234375
3.2421875,3.642578125
3.28125,3.6376953125
3.3544921875,3.65234375
3.1591796875,0.0830078125
2.87109375,0.078125
2.5830078125,0.078125
2.34375,0.0732421875
2.158203125,0.078125
1.962890625,0.078125
1.796875,0.0732421875
1.826171875,3.6376953125
1.9287109375,3.6474609375
2.0458984375,3.65234375
2.1435546875,3.65234375
2.2216796875,3.65234375
2.2998046875,3.6376953125
2.3876953125,3.65234375
2.4853515625,3.6572265625
2.5634765625,3.6572265625
2.6220703125,3.6474609375
2.6953125,3.6376953125
2.7783203125,3.6474609375
2.8515625,3.65234375
2.919921875,3.65234375
2.94921875,3.642578125
3.017578125,3.6376953125
3.095703125,3.65234375
3.1494140625,3.6572265625
3.2080078125,3.65234375
3.2373046875,3.6376953125
3.28125,3.642578125
3.349609375,3.65234375
3.1884765625,0.078125
2.8955078125,0.0830078125
2.607421875,0.078125
2.3681640625,0.078125
2.1728515625,0.0732421875
1.982421875,0.0732421875
1.806640625,0.078125
1.8115234375,3.6328125
1.923828125,3.65234375
2.041015625,3.65234375
2.12890625,3.65234375
2.2119140625,3.642578125
2.294921875,3.6376953125
2.3876953125,3.6572265625
2.4755859375,3.6572265625
2.55859375,3.6572265625
2.607421875,3.6474609375
2.6904296875,3.6376953125
2.7734375,3.65234375
2.8466796875,3.65234375
2.91015625,3.65234375
2.9443359375,3.642578125
3.017578125,3.6376953125
3.0908203125,3.65234375
3.1396484375,3.6572265625
3.203125,3.6474609375
3.2275390625,3.6376953125
3.28125,3.6474609375
3.349609375,3.65234375
3.2177734375,0.0830078125
2.91015625,0.078125
2.626953125,0.078125
2.392578125,0.078125
2.1923828125,0.078125
1.9921875,0.0732421875
1.81640625,0.0732421875
1.806640625,3.6376953125
1.9189453125,3.65234375
2.03125,3.65234375
2.1240234375,3.65234375
2.2021484375,3.642578125
2.2900390625,3.6376953125
2.3828125,3.6572265625
2.470703125,3.6572265625
2.548828125,3.6572265625
2.6025390625,3.642578125
2.685546875,3.6376953125
2.7685546875,3.6572265625
2.8369140625,3.6572265625
2.900390625,3.65234375
2.9345703125,3.642578125
3.017578125,3.642578125
3.0908203125,3.65234375
3.1396484375,3.6572265625
3.193359375,3.642578125
3.22265625,3.6376953125
3.2861328125,3.6474609375
3.349609375,3.65234375
3.2421875,0.0830078125
2.9248046875,0.078125
2.6416015625,0.078125
2.412109375,0.078125
2.20703125,0.078125
2.0068359375,0.078125
1.826171875,0.0732421875
1.796875,3.6328125
1.9140625,3.6572265625
2.0263671875,3.65234375
2.119140625,3.65234375
2.197265625,3.642578125
2.28515625,3.642578125
2.373046875,3.6572265625
2.4658203125,3.6572265625
2.5439453125,3.65234375
2.5927734375,3.642578125
2.685546875,3.642578125
2.763671875,3.6572265625
2.8369140625,3.6572265625
2.890625,3.6474609375
2.9345703125,3.642578125
3.0224609375,3.642578125
3.0859375,3.65234375
3.134765625,3.6572265625
3.18359375,3.642578125
3.2177734375,3.6328125
3.291015625,3.65234375
3.3447265625,3.6572265625
3.26171875,0.078125
2.939453125,0.078125
2.6611328125,0.078125
2.431640625,0.078125
2.2216796875,0.078125
2.0166015625,0.0732421875
1.8359375,0.078125
1.7919921875,3.6376953125
1.9091796875,3.6572265625
2.0166015625,3.65234375
2.109375,3.6474609375
2.1875,3.6376953125
2.28515625,3.6474609375
2.373046875,3.662109375
2.4609375,3.6572265625
2.529296875,3.6474609375
2.587890625,3.642578125
2.685546875,3.642578125
2.7587890625,3.6572265625
2.8271484375,3.6572265625
2.880859375,3.642578125
2.9296875,3.6376953125
3.0224609375,3.6474609375
3.0810546875,3.65234375
3.1298828125,3.6572265625
3.173828125,3.6376953125
3.2177734375,3.6376953125
3.2861328125,3.65234375
3.33984375,3.65234375
3.291015625,0.078125
2.9638671875,0.0830078125
2.685546875,0.078125
2.451171875,0.078125
2.2412109375,0.078125
2.03125,0.078125
1.845703125,0.0732421875
1.787109375,3.642578125
1.8994140625,3.6572265625
2.0068359375,3.65234375
2.0947265625,3.6474609375
2.177734375,3.6376953125
2.2802734375,3.6474609375
2.36328125,3.662109375
2.451171875,3.6572265625
2.51953125,3.642578125
2.5830078125,3.642578125
2.685546875,3.6474609375
2.75390625,3.65234375
2.822265625,3.6572265625
2.87109375,3.642578125
2.9248046875,3.642578125
3.017578125,3.6474609375
3.076171875,3.6572265625
3.125,3.6572265625
3.1640625,3.6376953125
3.212890625,3.642578125
3.2861328125,3.65234375
3.33984375,3.65234375
3.3154296875,0.0830078125
2.9833984375,0.078125
2.71484375,0.078125
2.470703125,0.078125
2.255859375,0.078125
2.041015625,0.078125
1.8603515625,0.0732421875
1.77734375,3.6474609375
1.8896484375,3.6572265625
2.001953125,3.65234375
2.0849609375,3.642578125
2.1728515625,3.6376953125
2.2802734375,3.6572265625
2.3583984375,3.662109375
2.4462890625,3.65234375
2.509765625,3.6376953125
2.578125,3.6474609375
2.6806640625,3.65234375
2.7490234375,3.65234375
2.8125,3.65234375
2.8662109375,3.6376953125
2.9248046875,3.6474609375
3.0126953125,3.65234375
3.0712890625,3.65234375
3.115234375,3.65234375
3.1591796875,3.6328125
3.2177734375,3.642578125
3.28125,3.65234375
3.3349609375,3.65234375
3.3349609375,0.078125
3.0029296875,0.078125
2.7392578125,0.078125
2.490234375,0.078125
2.2705078125,0.078125
2.05078125,0.0732421875
1.875,0.0732421875
1.7724609375,3.65234375
1.8798828125,3.6572265625
1.9921875,3.65234375
2.0751953125,3.6376953125
2.16796875,3.642578125
2.2705078125,3.65234375
2.353515625,3.662109375
2.44140625,3.65234375
2.5048828125,3.6376953125
2.578125,3.6474609375
2.67578125,3.65234375
2.744140625,3.65234375
2.802734375,3.6474609375
2.861328125,3.6376953125
2.9248046875,3.6474609375
3.0078125,3.65234375
3.0712890625,3.65234375
3.10546875,3.6474609375
3.1591796875,3.6328125
3.2177734375,3.6474609375
3.28125,3.65234375
3.330078125,3.65234375
3.3447265625,0.078125
3.0224609375,0.0830078125
2.75390625,0.078125
2.5,0.078125
2.2802734375,0.078125
2.0556640625,0.0732421875
1.884765625,0.0732421875
1.767578125,3.65234375
1.875,3.6572265625
1.9873046875,3.6474609375
2.0703125,3.6376953125
2.1630859375,3.642578125
2.2705078125,3.65234375
2.34375,3.662109375
2.431640625,3.6474609375
2.4951171875,3.6376953125
2.578125,3.65234375
2.6708984375,3.65234375
2.7392578125,3.65234375
2.79296875,3.6474609375
2.8564453125,3.6376953125
2.9248046875,3.65234375
3.0078125,3.65234375
3.06640625,3.65234375
3.095703125,3.642578125
3.154296875,3.6328125
3.22265625,3.65234375
3.2763671875,3.65234375
3.3251953125,3.65234375
3.3349609375,3.642578125
3.037109375,0.078125
2.7685546875,0.078125
2.509765625,0.078125
2.28515625,0.0732421875
2.060546875,0.0732421875
1.8896484375,0.078125
1.7626953125,3.65234375
1.875,3.6572265625
1.982421875,3.6474609375
2.060546875,3.6376953125
2.16796875,3.6474609375
2.265625,3.65234375
2.34375,3.662109375
2.421875,3.6474609375
2.4951171875,3.6376953125
2.578125,3.65234375
2.6708984375,3.6572265625
2.7392578125,3.65234375
2.7880859375,3.642578125
2.8515625,3.6376953125
2.9296875,3.6572265625
3.0029296875,3.65234375
3.0615234375,3.65234375
3.0908203125,3.642578125
3.154296875,3.6328125
3.22265625,3.65234375
3.2763671875,3.65234375
3.3251953125,3.65234375
3.3349609375,3.642578125
3.046875,0.078125
