156,3.6328125,165,2.919921875
23,3.6328125,32,2.98828125
3,3.6328125,12,3.076171875
3,3.6328125,12,3.1640625
3,3.6376953125,12,3.2373046875
3,3.6328125,12,3.3203125
3,0.0341796875,12,2.8271484375
3,0.0244140625,12,2.4072265625
3,0.0244140625,12,2.060546875
3,0.0146484375,12,1.7626953125
3,3.6328125,12,1.845703125
3,3.6328125,12,1.9970703125
3,3.6328125,12,2.12890625
3,3.6328125,12,2.2509765625
3,3.6328125,12,2.3779296875
3,3.6279296875,12,2.5
3,3.6328125,12,2.6123046875
3,3.6328125,12,2.71484375
3,3.6328125,12,2.8125
3,3.6279296875,12,2.91015625
3,3.6328125,12,2.998046875
3,3.6328125,12,3.0859375
3,3.6328125,12,3.173828125
3,3.6376953125,12,3.251953125
3,0.0341796875,12,3.212890625
3,0.0341796875,12,2.7197265625
3,0.029296875,12,2.3193359375
3,0.0244140625,12,1.9921875
3,0.0244140625,12,1.7041015625
3,3.6328125,12,1.875
3,3.6279296875,12,2.021484375
3,3.6279296875,12,2.1630859375
3,3.6328125,12,2.2900390625
3,3.6328125,12,2.412109375
3,3.6328125,12,2.5244140625
3,3.6328125,12,2.6318359375
3,3.6328125,12,2.7392578125
3,3.6328125,12,2.8369140625
3,3.6328125,12,2.9296875
3,3.6328125,12,3.017578125
3,3.6376953125,12,3.1103515625
3,3.6328125,12,3.193359375
3,3.6376953125,12,3.271484375
3,0.029296875,12,3.1201171875
3,0.0244140625,12,2.6416015625
3,0.0146484375,12,2.255859375
3,0.01953125,12,1.9384765625
3,3.6328125,12,1.7529296875
3,3.6328125,12,1.904296875
3,3.6279296875,12,2.0458984375
3,3.6328125,12,2.1826171875
3,3.6328125,12,2.3095703125
3,3.6328125,12,2.431640625
3,3.6279296875,12,2.5390625
3,3.6328125,12,2.65625
3,3.6376953125,12,2.7587890625
3,3.6328125,12,2.8564453125
3,3.6328125,12,2.9541015625
3,3.6376953125,12,3.0322265625
3,3.6328125,12,3.125
3,3.6328125,12,3.2080078125
3,3.6376953125,12,3.2861328125
3,0.0244140625,12,3.046875
3,0.0244140625,12,2.587890625
3,0.01953125,12,2.2119140625
3,0.0146484375,12,1.89453125
3,3.6279296875,12,1.7724609375
3,3.6328125,12,1.9287109375
3,3.6328125,12,2.0654296875
3,3.6328125,12,2.197265625
3,3.6328125,12,2.3291015625
3,3.6328125,12,2.4462890625
3,3.6328125,12,2.55859375
3,3.6328125,12,2.6708984375
3,3.6328125,12,2.763671875
3,3.6279296875,12,2.8662109375
3,3.6328125,12,2.9638671875
3,3.6376953125,12,3.046875
3,3.6328125,12,3.1298828125
3,3.6376953125,12,3.212890625
3,3.6328125,12,3.291015625
3,0.0244140625,12,2.9736328125
3,0.01953125,12,2.5390625
3,0.0244140625,12,2.1630859375
3,0.01953125,12,1.85546875
3,3.6328125,12,1.796875
3,3.6328125,12,1.943359375
3,3.6328125,12,2.08984375
3,3.6279296875,12,2.216796875
3,3.6376953125,12,2.3486328125
3,3.6376953125,12,2.4560546875
3,3.6279296875,12,2.5732421875
3,3.6328125,12,2.685546875
3,3.6328125,12,2.7783203125
3,3.6376953125,12,2.8857421875
3,3.6328125,12,2.9736328125
3,3.6376953125,12,3.0615234375
3,3.6328125,12,3.154296875
3,3.6328125,12,3.22265625
3,3.6328125,12,3.30078125
3,0.0244140625,12,2.9345703125
3,0.0244140625,12,2.5
3,0.01953125,12,2.1337890625
3,0.01953125,12,1.8310546875
3,3.6328125,12,1.8115234375
3,3.6279296875,12,1.9580078125
3,3.6279296875,12,2.1044921875
3,3.6328125,12,2.2314453125
3,3.6328125,12,2.3583984375
3,3.6328125,12,2.470703125
3,3.6328125,12,2.5830078125
3,3.6328125,12,2.6953125
3,3.6328125,12,2.7880859375
3,3.6328125,12,2.8857421875
3,3.6376953125,12,2.9833984375
3,3.6328125,12,3.0615234375
3,3.6328125,12,3.154296875
3,3.6328125,12,3.2373046875
3,3.6328125,12,3.310546875
3,0.029296875,12,2.8759765625
3,0.0244140625,12,2.451171875
3,0.0244140625,12,2.08984375
3,0.0244140625,12,1.7919921875
3,3.6328125,12,1.8310546875
3,3.6328125,12,1.9775390625
3,3.6328125,12,2.119140625
3,3.6279296875,12,2.24609375
3,3.6328125,12,2.3681640625
3,3.6328125,12,2.48046875
3,3.6328125,12,2.59765625
3,3.6328125,12,2.705078125
3,3.6376953125,12,2.802734375
3,3.6328125,12,2.8955078125
3,3.6328125,12,2.9931640625
3,3.6376953125,12,3.076171875
3,3.6376953125,12,3.1689453125
3,3.6328125,12,3.2421875
3,3.6328125,12,3.3203125
3,0.01953125,12,2.8369140625
3,0.0244140625,12,2.4169921875
3,0.029296875,12,2.0654296875
3,0.029296875,12,1.7724609375
3,3.6328125,12,1.8408203125
3,3.6328125,12,1.9873046875
3,3.6328125,12,2.1240234375
3,3.6279296875,12,2.255859375
3,3.6328125,12,2.3779296875
3,3.6376953125,12,2.490234375
3,3.6279296875,12,2.607421875
3,3.6328125,12,2.7099609375
3,3.6328125,12,2.8125
3,3.6328125,12,2.9052734375
3,3.6376953125,12,2.998046875
3,3.6328125,12,3.0859375
3,3.6328125,12,3.173828125
3,3.6328125,12,3.251953125
3,0.0244140625,12,3.2763671875
3,0.0244140625,12,2.7734375
3,0.0244140625,12,2.36328125
3,0.0244140625,12,2.0263671875
3,0.0244140625,12,1.7333984375
3,3.6328125,12,1.8603515625
3,3.6279296875,12,2.0068359375
3,3.6328125,12,2.1435546875
3,3.6328125,12,2.2705078125
3,3.6328125,12,2.392578125
3,3.6328125,12,2.5048828125
3,3.6328125,12,2.626953125
3,3.6328125,12,2.724609375
3,3.6328125,12,2.822265625
3,3.6328125,12,2.9248046875
3,3.6328125,12,3.0126953125
3,3.6376953125,12,3.095703125
3,3.6328125,12,3.18359375
3,3.6328125,12,3.26171875
3,0.0341796875,12,3.1884765625
3,0.01953125,12,2.7001953125
3,0.0244140625,12,2.3095703125
3,0.0244140625,12,1.97265625
3,3.6279296875,12,1.71875
3,3.6279296875,12,1.8896484375
3,3.6328125,12,2.03125
3,3.6328125,12,2.1630859375
3,3.6328125,12,2.294921875
3,3.6328125,12,2.4169921875
3,3.6328125,12,2.529296875
3,3.6328125,12,2.63671875
3,3.6328125,12,2.7392578125
3,3.6328125,12,2.8369140625
3,3.6328125,12,2.939453125
3,3.6376953125,12,3.0224609375
3,3.6376953125,12,3.1103515625
3,3.6376953125,12,3.1982421875
3,3.6328125,12,3.2763671875
3,0.0244140625,12,3.0712890625
3,0.0341796875,12,2.607421875
3,0.0244140625,12,2.2265625
3,0.01953125,12,1.904296875
3,3.6328125,12,1.7626953125
3,3.6279296875,12,1.923828125
3,3.6328125,12,2.0654296875
3,3.6328125,12,2.1923828125
3,3.6328125,12,2.32421875
3,3.6328125,12,2.44140625
3,3.6328125,12,2.548828125
3,3.6279296875,12,2.6708984375
3,3.6328125,12,2.7685546875
3,3.6328125,12,2.8662109375
3,3.6328125,12,2.9638671875
3,3.6328125,12,3.046875
3,3.6328125,12,3.134765625
3,3.6376953125,12,3.212890625
3,3.6376953125,12,3.2861328125
3,0.0244140625,12,2.9248046875
3,0.029296875,12,2.48046875
3,0.0146484375,12,2.1240234375
3,0.0244140625,12,1.8212890625
3,3.6328125,12,1.806640625
3,3.6279296875,12,1.9580078125
3,3.6328125,12,2.1044921875
3,3.6328125,12,2.236328125
3,3.6279296875,12,2.353515625
3,3.6279296875,12,2.4755859375
3,3.6328125,12,2.587890625
3,3.6328125,12,2.6953125
3,3.6328125,12,2.79296875
3,3.6328125,12,2.890625
3,3.6328125,12,2.9833984375
3,3.6279296875,12,3.0712890625
3,3.6328125,12,3.154296875
3,3.6328125,12,3.2421875
3,3.6328125,12,3.310546875
3,0.029296875,12,2.8369140625
3,0.029296875,12,2.421875
3,0.01953125,12,2.0703125
3,0.01953125,12,1.7724609375
3,3.6328125,12,1.8359375
3,3.6328125,12,1.9873046875
3,3.6376953125,12,2.119140625
3,3.6328125,12,2.2509765625
3,3.6328125,12,2.3779296875
3,3.6328125,12,2.4951171875
3,3.6328125,12,2.607421875
3,3.6328125,12,2.705078125
3,3.6328125,12,2.8125
3,3.6328125,12,2.900390625
3,3.6328125,12,2.9931640625
3,3.6328125,12,3.0859375
3,3.6328125,12,3.1640625
3,3.6328125,12,3.251953125
3,0.029296875,12,3.271484375
3,0.029296875,12,2.7734375
3,0.0244140625,12,2.3583984375
3,0.0244140625,12,2.0263671875
3,0.01953125,12,1.7333984375
3,3.6328125,12,1.865234375
3,3.6328125,12,2.0068359375
3,3.6328125,12,2.1435546875
3,3.6279296875,12,2.2705078125
3,3.6328125,12,2.392578125
3,3.6328125,12,2.509765625
3,3.6328125,12,2.6220703125
3,3.6328125,12,2.734375
3,3.6328125,12,2.822265625
3,3.6376953125,12,2.9248046875
3,3.6328125,12,3.0078125
3,3.6376953125,12,3.10546875
3,3.6328125,12,3.18359375
3,3.6328125,12,3.26171875
3,0.0244140625,12,3.1787109375
3,0.0341796875,12,2.7001953125
3,0.0244140625,12,2.3046875
3,0.029296875,12,1.9677734375
3,3.6279296875,12,1.7236328125
3,3.6328125,12,1.8896484375
3,3.6328125,12,2.0361328125
3,3.6279296875,12,2.16796875
3,3.6328125,12,2.294921875
3,3.6328125,12,2.412109375
3,3.6328125,12,2.529296875
3,3.6328125,12,2.6416015625
3,3.6328125,12,2.7490234375
3,3.6376953125,12,2.841796875
3,3.6328125,12,2.939453125
3,3.6328125,12,3.02734375
3,3.6328125,12,3.1201171875
3,3.6376953125,12,3.193359375
3,3.6376953125,12,3.2666015625
3,0.0244140625,12,3.1005859375
3,0.029296875,12,2.626953125
3,0.0146484375,12,2.2412109375
3,0.01953125,12,1.9189453125
3,3.6328125,12,1.7529296875
3,3.6328125,12,1.9091796875
3,3.6328125,12,2.060546875
3,3.6328125,12,2.1875
3,3.6279296875,12,2.3095703125
3,3.6328125,12,2.431640625
3,3.6328125,12,2.5439453125
3,3.6328125,12,2.6513671875
3,3.6328125,12,2.7587890625
3,3.6279296875,12,2.861328125
3,3.6328125,12,2.94921875
3,3.6328125,12,3.0419921875
3,3.6328125,12,3.125
3,3.6376953125,12,3.2080078125
3,3.6328125,12,3.2861328125
3,0.0244140625,12,3.0126953125
3,0.0244140625,12,2.5537109375
3,0.0244140625,12,2.1826171875
3,0.0244140625,12,1.8701171875
3,3.6328125,12,1.7822265625
3,3.6328125,12,1.93359375
3,3.6279296875,12,2.0751953125
3,3.6328125,12,2.216796875
3,3.6328125,12,2.333984375
3,3.6328125,12,2.451171875
3,3.6279296875,12,2.568359375
3,3.6328125,12,2.6806640625
3,3.6328125,12,2.7734375
3,3.6328125,12,2.8759765625
3,3.6328125,12,2.9638671875
3,3.6328125,12,3.056640625
3,3.6328125,12,3.134765625
3,3.6328125,12,3.2275390625
3,3.6376953125,12,3.291015625
3,0.0244140625,12,2.939453125
3,0.0244140625,12,2.5048828125
3,0.0146484375,12,2.138671875
3,0.0244140625,12,1.8359375
3,3.6328125,12,1.806640625
3,3.6328125,12,1.9482421875
3,3.6328125,12,2.0947265625
3,3.6279296875,12,2.2216796875
3,3.6328125,12,2.3486328125
3,3.6328125,12,2.470703125
3,3.6328125,12,2.578125
3,3.6328125,12,2.6953125
3,3.6328125,12,2.79296875
3,3.6328125,12,2.8857421875
3,3.6328125,12,2.9833984375
3,3.6328125,12,3.06640625
3,3.6328125,12,3.154296875
3,3.6328125,12,3.232421875
3,3.6328125,12,3.310546875
3,0.0244140625,12,2.8759765625
3,0.0146484375,12,2.44140625
3,0.0244140625,12,2.0849609375
3,0.0146484375,12,1.7919921875
3,3.6279296875,12,1.8310546875
3,3.6328125,12,1.9775390625
3,3.6328125,12,2.119140625
3,3.6279296875,12,2.24609375
3,3.6328125,12,2.373046875
3,3.6328125,12,2.48046875
3,3.6279296875,12,2.5927734375
3,3.6328125,12,2.7099609375
3,3.6328125,12,2.8076171875
3,3.6328125,12,2.900390625
3,3.6328125,12,2.9931640625
3,3.6328125,12,3.076171875
3,3.6328125,12,3.1689453125
3,3.6328125,12,3.2470703125
3,3.6376953125,12,3.3203125
3,0.0146484375,12,2.79296875
3,0.0146484375,12,2.3779296875
3,0.0244140625,12,2.0361328125
3,0.0146484375,12,1.748046875
3,3.6279296875,12,1.8505859375
3,3.6328125,12,2.0068359375
3,3.6279296875,12,2.1337890625
3,3.6328125,12,2.265625
3,3.6328125,12,2.392578125
3,3.6328125,12,2.5048828125
3,3.6279296875,12,2.6123046875
3,3.6328125,12,2.724609375
3,3.6328125,12,2.8125
3,3.6376953125,12,2.91015625
3,3.6376953125,12,3.0029296875
3,3.6376953125,12,3.0908203125
3,3.6376953125,12,3.18359375
3,3.6328125,12,3.2568359375
3,0.029296875,12,3.18359375
3,0.0244140625,12,2.705078125
3,0.0244140625,12,2.3046875
3,0.0146484375,12,1.9775390625
3,3.6328125,12,1.71875
3,3.6328125,12,1.8896484375
3,3.6328125,12,2.0361328125
3,3.6328125,12,2.16796875
3,3.6328125,12,2.294921875
3,3.6328125,12,2.4169921875
3,3.6328125,12,2.529296875
3,3.6328125,12,2.6416015625
3,3.6376953125,12,2.7490234375
3,3.6376953125,12,2.841796875
3,3.6328125,12,2.939453125
3,3.6328125,12,3.02734375
3,3.6328125,12,3.10546875
3,3.6328125,12,3.193359375
3,3.6328125,12,3.271484375
3,0.0244140625,12,3.0615234375
3,0.0244140625,12,2.59765625
3,0.029296875,12,2.2216796875
3,0.0244140625,12,1.8994140625
3,3.6279296875,12,1.767578125
3,3.6279296875,12,1.9189453125
3,3.6279296875,12,2.0703125
3,3.6328125,12,2.197265625
3,3.6328125,12,2.3193359375
3,3.6328125,12,2.44140625
3,3.6328125,12,2.5537109375
3,3.6328125,12,2.6708984375
3,3.6279296875,12,2.7685546875
3,3.6328125,12,2.861328125
3,3.6328125,12,2.9638671875
3,3.6328125,12,3.046875
3,3.6328125,12,3.1298828125
3,3.6328125,12,3.2080078125
3,3.6328125,12,3.291015625
3,0.0341796875,12,2.9150390625
3,0.0244140625,12,2.490234375
3,0.0244140625,12,2.119140625
3,0.0146484375,12,1.8212890625
3,3.6376953125,12,1.8115234375
3,3.6328125,12,1.962890625
3,3.6279296875,12,2.109375
3,3.6376953125,12,2.2314453125
3,3.6376953125,12,2.36328125
3,3.6376953125,12,2.4755859375
3,3.6328125,12,2.5830078125
3,3.6376953125,12,2.6953125
3,3.6328125,12,2.7978515625
3,3.6328125,12,2.8955078125
3,3.6376953125,12,2.98828125
3,3.6328125,12,3.0712890625
3,3.6328125,12,3.1591796875
3,3.6328125,12,3.232421875
3,3.6328125,12,3.310546875
3,0.0341796875,12,2.841796875
3,0.0244140625,12,2.421875
3,0.0244140625,12,2.0703125
3,0.0244140625,12,1.7724609375
3,3.6376953125,12,1.8408203125
3,3.6328125,12,1.9873046875
3,3.6328125,12,2.1240234375
3,3.6328125,12,2.255859375
3,3.6328125,12,2.3779296875
3,3.6328125,12,2.4951171875
3,3.6376953125,12,2.6025390625
3,3.6279296875,12,2.7099609375
3,3.6376953125,12,2.8125
3,3.6328125,12,2.900390625
3,3.6328125,12,2.9931640625
3,3.6328125,12,3.0908203125
3,3.6328125,12,3.1689453125
3,3.6376953125,12,3.2470703125
3,0.0341796875,12,3.271484375
3,0.0244140625,12,2.763671875
3,0.0244140625,12,2.3583984375
3,0.0244140625,12,2.021484375
3,0.0146484375,12,1.7333984375
3,3.6279296875,12,1.865234375
3,3.6328125,12,2.0068359375
3,3.6328125,12,2.1484375
3,3.6328125,12,2.275390625
3,3.6279296875,12,2.392578125
3,3.6328125,12,2.509765625
3,3.6328125,12,2.6220703125
3,3.6328125,12,2.7294921875
3,3.6328125,12,2.83203125
3,3.6328125,12,2.9150390625
3,3.6328125,12,3.0126953125
3,3.6328125,12,3.1005859375
3,3.6328125,12,3.1787109375
3,3.6328125,12,3.2568359375
3,0.0244140625,12,3.1787109375
3,0.0244140625,12,2.6953125
3,0.029296875,12,2.2998046875
3,0.0244140625,12,1.9677734375
3,3.6328125,12,1.7236328125
3,3.6328125,12,1.884765625
3,3.6279296875,12,2.03125
3,3.6279296875,12,2.1630859375
3,3.6328125,12,2.2900390625
3,3.6328125,12,2.4169921875
3,3.6328125,12,2.529296875
3,3.6328125,12,2.63671875
3,3.6328125,12,2.7392578125
3,3.6328125,12,2.8369140625
3,3.6328125,12,2.9345703125
3,3.6328125,12,3.02734375
3,3.6328125,12,3.1201171875
3,3.6328125,12,3.193359375
3,3.6376953125,12,3.2763671875
3,0.0146484375,12,3.06640625
3,0.0244140625,12,2.607421875
3,0.029296875,12,2.2216796875
3,0.0244140625,12,1.8994140625
3,3.6328125,12,1.767578125
3,3.6376953125,12,1.923828125
3,3.6279296875,12,2.060546875
3,3.6279296875,12,2.1923828125
3,3.6328125,12,2.32421875
3,3.6328125,12,2.4462890625
3,3.6279296875,12,2.55859375
3,3.6279296875,12,2.65625
3,3.6279296875,12,2.7685546875
3,3.6328125,12,2.861328125
3,3.6328125,12,2.958984375
3,3.6328125,12,3.046875
3,3.6376953125,12,3.134765625
3,3.6328125,12,3.212890625
3,3.6376953125,12,3.291015625
3,0.0341796875,12,2.9345703125
3,0.0244140625,12,2.490234375
3,0.0244140625,12,2.12890625
3,0.0146484375,12,1.8212890625
3,3.6279296875,12,1.8115234375
3,3.6328125,12,1.9580078125
3,3.6328125,12,2.1044921875
3,3.6279296875,12,2.236328125
3,3.6328125,12,2.3486328125
3,3.6328125,12,2.48046875
3,3.6328125,12,2.5830078125
3,3.6328125,12,2.6953125
3,3.6328125,12,2.7978515625
3,3.6279296875,12,2.890625
3,3.6328125,12,2.9833984375
3,3.6328125,12,3.0712890625
3,3.6328125,12,3.1591796875
3,3.6328125,12,3.2373046875
3,3.6376953125,12,3.3056640625
3,0.029296875,12,2.8564453125
3,0.0244140625,12,2.431640625
3,0.01953125,12,2.080078125
3,0.029296875,12,1.787109375
3,3.6328125,12,1.8310546875
3,3.6328125,12,1.9775390625
3,3.6328125,12,2.1240234375
3,3.6279296875,12,2.2509765625
3,3.6328125,12,2.3681640625
3,3.6328125,12,2.490234375
3,3.6328125,12,2.59765625
3,3.6279296875,12,2.705078125
3,3.6328125,12,2.802734375
3,3.6328125,12,2.9052734375
3,3.6376953125,12,2.998046875
3,3.6376953125,12,3.0859375
3,3.6279296875,12,3.1689453125
3,3.6328125,12,3.2421875
3,0.0244140625,12,3.2666015625
3,0.0244140625,12,2.7685546875
3,0.0146484375,12,2.3681640625
3,0.0244140625,12,2.0263671875
3,0.0244140625,12,1.728515625
3,3.6328125,12,1.8603515625
3,3.6328125,12,2.01171875
3,3.6279296875,12,2.1484375
3,3.6328125,12,2.2705078125
3,3.6328125,12,2.392578125
3,3.6328125,12,2.509765625
3,3.6328125,12,2.6171875
3,3.6328125,12,2.724609375
3,3.6376953125,12,2.8271484375
3,3.6279296875,12,2.9150390625
3,3.6279296875,12,3.0126953125
3,3.6328125,12,3.0908203125
3,3.6328125,12,3.18359375
3,3.6328125,12,3.26171875
3,0.0244140625,12,3.1884765625
3,0.0244140625,12,2.7099609375
3,0.0244140625,12,2.3095703125
3,0.0146484375,12,1.9775390625
3,3.6279296875,12,1.7236328125
3,3.6279296875,12,1.884765625
3,3.6279296875,12,2.0263671875
3,3.6279296875,12,2.1630859375
3,3.6279296875,12,2.2900390625
3,3.6279296875,12,2.412109375
3,3.6328125,12,2.529296875
3,3.6328125,12,2.63671875
3,3.6328125,12,2.734375
3,3.6376953125,12,2.841796875
3,3.6328125,12,2.9345703125
3,3.6279296875,12,3.0224609375
3,3.6376953125,12,3.1103515625
3,3.6328125,12,3.193359375
3,3.6328125,12,3.2763671875
3,0.029296875,12,3.115234375
3,0.0244140625,12,2.646484375
3,0.01953125,12,2.265625
3,0.029296875,12,1.93359375
3,3.6328125,12,1.7431640625
3,3.6279296875,12,1.9091796875
3,3.6328125,12,2.0458984375
3,3.6279296875,12,2.1875
3,3.6328125,12,2.3046875
3,3.6328125,12,2.4267578125
3,3.6376953125,12,2.5439453125
3,3.6279296875,12,2.6513671875
3,3.6328125,12,2.7587890625
3,3.6328125,12,2.8515625
3,3.6328125,12,2.94921875
3,3.6328125,12,3.0419921875
3,3.6328125,12,3.1201171875
3,3.6328125,12,3.2080078125
3,3.6376953125,12,3.28125
3,0.0244140625,12,3.0029296875
3,0.0244140625,12,2.5537109375
3,0.0244140625,12,2.1826171875
3,0.0244140625,12,1.8701171875
3,3.6328125,12,1.7822265625
3,3.6328125,12,1.9384765625
3,3.6328125,12,2.0849609375
3,3.6328125,12,2.2119140625
3,3.6328125,12,2.333984375
3,3.6328125,12,2.4609375
3,3.6328125,12,2.5634765625
3,3.6328125,12,2.67578125
3,3.6328125,12,2.7783203125
3,3.6328125,12,2.8759765625
3,3.6328125,12,2.96875
3,3.6328125,12,3.056640625
3,3.6376953125,12,3.1396484375
3,3.6328125,12,3.22265625
3,3.6328125,12,3.2958984375
3,0.0341796875,12,2.919921875
3,0.01953125,12,2.4951171875
3,0.029296875,12,2.12890625
3,0.0146484375,12,1.826171875
3,3.6279296875,12,1.8115234375
3,3.6328125,12,1.9677734375
3,3.6328125,12,2.1044921875
3,3.6328125,12,2.236328125
3,3.6376953125,12,2.3583984375
3,3.6328125,12,2.4755859375
3,3.6376953125,12,2.5927734375
3,3.6328125,12,2.6904296875
3,3.6328125,12,2.79296875
3,3.6328125,12,2.8857421875
3,3.6279296875,12,2.978515625
3,3.6328125,12,3.06640625
3,3.6328125,12,3.1494140625
3,3.6376953125,12,3.2421875
3,3.6376953125,12,3.3154296875
3,0.0244140625,12,2.841796875
3,0.0244140625,12,2.421875
3,0.029296875,12,2.0703125
3,0.0244140625,12,1.7724609375
3,3.6328125,12,1.845703125
3,3.6328125,12,1.9873046875
3,3.6328125,12,2.1240234375
3,3.6328125,12,2.2607421875
3,3.6279296875,12,2.3828125
3,3.6279296875,12,2.4951171875
3,3.6328125,12,2.607421875
3,3.6328125,12,2.71484375
3,3.6328125,12,2.8173828125
3,3.6328125,12,2.91015625
3,3.6328125,12,3.0029296875
3,3.6328125,12,3.0859375
3,3.6328125,12,3.1640625
3,3.6376953125,12,3.2568359375
3,0.0244140625,12,3.271484375
3,0.0244140625,12,2.763671875
3,0.0244140625,12,2.3583984375
3,0.0244140625,12,2.021484375
3,0.0146484375,12,1.7333984375
3,3.6279296875,12,1.8603515625
3,3.6279296875,12,2.0068359375
3,3.6279296875,12,2.1435546875
3,3.6328125,12,2.2705078125
3,3.6279296875,12,2.3974609375
3,3.6328125,12,2.509765625
3,3.6328125,12,2.6171875
3,3.6328125,12,2.7294921875
3,3.6328125,12,2.83203125
3,3.6328125,12,2.9248046875
3,3.6328125,12,3.017578125
3,3.6328125,12,3.1005859375
3,3.6376953125,12,3.18359375
3,3.6328125,12,3.26171875
3,0.0244140625,12,3.173828125
3,0.029296875,12,2.6953125
3,0.0244140625,12,2.3046875
3,0.0146484375,12,1.9677734375
3,3.6328125,12,1.71875
3,3.6328125,12,1.8798828125
3,3.6328125,12,2.03125
3,3.6328125,12,2.16796875
3,3.6328125,12,2.294921875
3,3.6328125,12,2.4072265625
3,3.6279296875,12,2.529296875
3,3.6328125,12,2.6416015625
3,3.6279296875,12,2.744140625
3,3.6328125,12,2.8466796875
3,3.6328125,12,2.939453125
3,3.6328125,12,3.0224609375
3,3.6376953125,12,3.1201171875
3,3.6328125,12,3.1884765625
3,3.6328125,12,3.2666015625
3,0.0244140625,12,3.0615234375
3,0.0341796875,12,2.607421875
3,0.0244140625,12,2.2216796875
3,0.0244140625,12,1.8994140625
3,3.6328125,12,1.7626953125
3,3.6328125,12,1.923828125
3,3.6328125,12,2.0654296875
3,3.6328125,12,2.197265625
3,3.6328125,12,2.3193359375
3,3.6328125,12,2.4365234375
3,3.6328125,12,2.5634765625
3,3.6328125,12,2.65625
3,3.6328125,12,2.763671875
3,3.6328125,12,2.861328125
3,3.6328125,12,2.958984375
3,3.6328125,12,3.046875
3,3.6328125,12,3.1298828125
3,3.6328125,12,3.212890625
3,3.6376953125,12,3.291015625
3,0.029296875,12,2.978515625
3,0.0146484375,12,2.529296875
3,0.01953125,12,2.158203125
3,0.0146484375,12,1.85546875
3,3.6279296875,12,1.7919921875
3,3.6279296875,12,1.9482421875
3,3.6279296875,12,2.08984375
3,3.6328125,12,2.2216796875
3,3.6328125,12,2.34375
3,3.6328125,12,2.4658203125
3,3.6376953125,12,2.578125
3,3.6328125,12,2.6806640625
3,3.6279296875,12,2.7880859375
3,3.6328125,12,2.880859375
3,3.6328125,12,2.9736328125
3,3.6328125,12,3.06640625
3,3.6328125,12,3.14453125
3,3.6328125,12,3.232421875
3,3.6376953125,12,3.3056640625
3,0.029296875,12,2.919921875
3,0.01953125,12,2.4755859375
3,0.0244140625,12,2.119140625
3,0.0146484375,12,1.8115234375
3,3.6328125,12,1.81640625
3,3.6279296875,12,1.962890625
3,3.6328125,12,2.109375
3,3.6328125,12,2.236328125
3,3.6328125,12,2.353515625
3,3.6279296875,12,2.4755859375
3,3.6376953125,12,2.5927734375
3,3.6328125,12,2.7001953125
3,3.6328125,12,2.79296875
3,3.6279296875,12,2.890625
3,3.6328125,12,2.9833984375
3,3.6328125,12,3.076171875
3,3.6328125,12,3.154296875
3,3.6328125,12,3.2373046875
3,3.6328125,12,3.310546875
3,0.029296875,12,2.8173828125
3,0.01953125,12,2.40234375
3,0.0146484375,12,2.0458984375
3,0.0146484375,12,1.7626953125
3,3.6328125,12,1.845703125
3,3.6328125,12,1.9873046875
3,3.6279296875,12,2.12890625
3,3.6328125,12,2.2607421875
3,3.6328125,12,2.3828125
3,3.6328125,12,2.4951171875
3,3.6279296875,12,2.607421875
3,3.6328125,12,2.7197265625
3,3.6279296875,12,2.8173828125
3,3.6328125,12,2.91015625
3,3.6328125,12,3.0029296875
3,3.6328125,12,3.0859375
3,3.6279296875,12,3.173828125
3,3.6328125,12,3.251953125
3,0.029296875,12,3.271484375
3,0.01953125,12,2.7685546875
3,0.0244140625,12,2.36328125
3,0.0244140625,12,2.0166015625
3,0.0244140625,12,1.7333984375
3,3.6328125,12,1.865234375
3,3.6328125,12,2.01171875
3,3.6279296875,12,2.1484375
3,3.6328125,12,2.2802734375
3,3.6328125,12,2.392578125
3,3.6328125,12,2.509765625
3,3.6279296875,12,2.6220703125
3,3.6376953125,12,2.7294921875
3,3.6328125,12,2.8271484375
3,3.6328125,12,2.9296875
3,3.6328125,12,3.0126953125
3,3.6279296875,12,3.1005859375
3,3.6328125,12,3.1884765625
3,3.6328125,12,3.2568359375
3,0.0244140625,12,3.193359375
3,0.0244140625,12,2.7099609375
3,0.0244140625,12,2.314453125
3,0.0244140625,12,1.9677734375
3,0.01953125,12,1.7138671875
3,3.6279296875,12,1.8798828125
